79 791 0 0 0 3.694498e-01 4.337090e-02 1.024761e+00 5.336102e-01 6.155880e-01 2.528860e-01 1.004312e+00 9.259782e-01 9.897878e-02 
80 801 0 0 0 3.638047e-01 5.479570e-02 1.045930e+00 5.231157e-01 6.269194e-01 2.229880e-01 1.004753e+00 9.229119e-01 1.161093e-01 
81 811 0 0 0 3.804232e-01 1.754534e-02 1.037938e+00 5.453397e-01 6.546094e-01 2.297587e-01 9.934542e-01 9.639975e-01 1.054408e-01 
82 821 0 0 0 3.846483e-01 3.255902e-02 1.013521e+00 5.582541e-01 6.303533e-01 2.625314e-01 1.020661e+00 9.789888e-01 1.139970e-01 
83 831 0 0 0 3.827620e-01 7.656691e-02 9.970769e-01 5.389194e-01 5.822609e-01 2.753891e-01 1.007294e+00 1.002821e+00 1.101663e-01 
84 841 0 0 0 3.797055e-01 2.046929e-02 1.013751e+00 5.358451e-01 6.046989e-01 2.394709e-01 1.017112e+00 1.001639e+00 1.067389e-01 
85 851 0 0 0 3.968218e-01 6.814099e-02 9.963513e-01 5.423974e-01 5.923932e-01 2.120723e-01 1.005934e+00 9.871660e-01 1.058192e-01 
86 861 0 0 0 4.038848e-01 3.405073e-02 9.870628e-01 5.399810e-01 5.879560e-01 1.828242e-01 1.003172e+00 9.636596e-01 1.057787e-01 
87 871 0 0 0 3.847691e-01 1.200101e-02 1.003805e+00 5.395325e-01 5.990502e-01 1.869867e-01 1.010755e+00 9.755692e-01 1.072732e-01 
88 881 0 0 0 4.019260e-01 1.577939e-02 1.003986e+00 5.750519e-01 5.771723e-01 1.681504e-01 1.007681e+00 9.870886e-01 1.052513e-01 
89 891 0 0 0 4.087026e-01 2.750091e-02 9.928276e-01 5.803717e-01 5.682946e-01 1.652643e-01 1.002604e+00 9.755784e-01 1.051951e-01 
90 901 0 0 0 4.151362e-01 5.628634e-02 9.786266e-01 5.480063e-01 5.801793e-01 1.619754e-01 1.000295e+00 9.587730e-01 1.097414e-01 
91 911 0 0 0 4.117349e-01 5.474598e-02 9.742012e-01 5.500578e-01 5.629607e-01 1.801153e-01 1.001344e+00 9.773351e-01 1.060872e-01 
92 921 0 0 0 4.146383e-01 2.918978e-02 9.708998e-01 5.778728e-01 5.735125e-01 1.852926e-01 1.001961e+00 9.968849e-01 1.037507e-01 
93 931 0 0 0 4.240140e-01 -1.452146e-02 9.740184e-01 6.031823e-01 5.722596e-01 2.167778e-01 1.006656e+00 9.998717e-01 1.067804e-01 
94 941 0 0 0 4.254275e-01 7.402292e-03 9.647428e-01 5.791732e-01 5.819729e-01 2.387966e-01 1.001902e+00 1.019133e+00 1.038642e-01 
95 951 0 0 0 4.240740e-01 -1.775636e-02 9.701487e-01 5.917923e-01 5.943451e-01 2.108244e-01 1.003925e+00 1.014694e+00 1.070950e-01 
96 961 0 0 0 4.166942e-01 1.908025e-02 9.624862e-01 5.812284e-01 5.854008e-01 1.531352e-01 1.004751e+00 9.962574e-01 1.092488e-01 
97 971 0 0 0 4.239103e-01 1.872485e-02 9.566308e-01 6.099451e-01 5.878074e-01 1.791152e-01 9.952918e-01 1.006392e+00 1.115584e-01 
98 981 0 0 0 4.170998e-01 3.478233e-02 9.645639e-01 5.961332e-01 5.708486e-01 1.903829e-01 1.000743e+00 1.002987e+00 1.130675e-01 
99 991 0 0 0 4.220687e-01 3.132330e-04 9.881078e-01 5.882859e-01 6.010949e-01 1.668635e-01 1.002466e+00 9.914673e-01 1.084049e-01 
100 1001 0 0 0 4.270804e-01 1.185493e-02 9.741153e-01 6.029840e-01 5.854229e-01 1.755062e-01 1.011410e+00 9.901099e-01 1.099102e-01 
101 1011 0 0 0 4.201453e-01 -6.155609e-03 9.942082e-01 6.226661e-01 5.878297e-01 1.898893e-01 1.010822e+00 9.971936e-01 1.098302e-01 
102 1021 0 0 0 4.208811e-01 -1.471948e-02 9.960137e-01 6.195354e-01 5.912321e-01 2.056843e-01 1.014226e+00 9.885095e-01 1.085660e-01 
103 1031 0 0 0 4.193907e-01 1.232995e-02 9.865238e-01 6.373227e-01 5.834447e-01 1.946096e-01 1.011564e+00 9.964672e-01 1.103955e-01 
104 1041 0 0 0 4.246752e-01 -1.259314e-03 9.809331e-01 6.527868e-01 5.878465e-01 1.729153e-01 1.023086e+00 1.000030e+00 1.096283e-01 
105 1051 0 0 0 4.289733e-01 1.406922e-02 9.632790e-01 6.671518e-01 5.924810e-01 1.776888e-01 1.014422e+00 1.009262e+00 1.135477e-01 
106 1061 0 0 0 4.333719e-01 2.087280e-02 9.692354e-01 6.473729e-01 5.917254e-01 1.702402e-01 1.011971e+00 9.991375e-01 1.070576e-01 
107 1071 0 0 0 4.228170e-01 8.025184e-03 9.718755e-01 6.457601e-01 6.007072e-01 1.413195e-01 1.007216e+00 9.991636e-01 1.109948e-01 
108 1081 0 0 0 4.231932e-01 1.003468e-02 9.651300e-01 6.606941e-01 5.919616e-01 1.358379e-01 1.005445e+00 1.004428e+00 1.141192e-01 
109 1091 0 0 0 4.230794e-01 2.053522e-02 9.774285e-01 6.608289e-01 5.899878e-01 1.487769e-01 9.991788e-01 9.916312e-01 1.122064e-01 
110 1101 0 0 0 4.253046e-01 -6.051783e-03 9.735536e-01 6.575617e-01 6.032854e-01 1.531734e-01 9.984539e-01 1.001084e+00 1.122443e-01 
111 1111 0 0 0 4.206321e-01 9.002973e-03 9.717593e-01 6.550216e-01 5.853542e-01 1.569452e-01 1.002813e+00 1.003680e+00 1.115088e-01 
112 1121 0 0 0 4.220977e-01 -2.045704e-03 9.712165e-01 6.516272e-01 5.859767e-01 1.529031e-01 1.005502e+00 1.005980e+00 1.113366e-01 
113 1131 0 0 0 4.157796e-01 -8.032456e-04 9.730457e-01 6.608467e-01 5.870304e-01 1.423285e-01 1.004493e+00 9.989672e-01 1.127720e-01 
114 1141 0 0 0 4.153332e-01 6.866069e-04 9.644190e-01 6.701835e-01 5.804398e-01 1.453624e-01 1.003536e+00 1.000579e+00 1.104024e-01 
115 1151 0 0 0 4.209851e-01 -1.535897e-03 9.682509e-01 6.721356e-01 5.829938e-01 1.488161e-01 1.002729e+00 1.007392e+00 1.119068e-01 
116 1161 0 0 0 4.236872e-01 -6.190697e-03 9.644955e-01 6.904736e-01 5.850736e-01 1.497183e-01 1.001965e+00 1.005510e+00 1.129250e-01 
117 1171 0 0 0 4.171323e-01 -8.945486e-04 9.680940e-01 6.861857e-01 5.831864e-01 1.465858e-01 1.000789e+00 1.006167e+00 1.127068e-01 
118 1181 0 0 0 4.140200e-01 -5.826809e-04 9.693946e-01 6.840786e-01 5.859300e-01 1.356442e-01 1.005268e+00 1.003069e+00 1.124147e-01 
119 1191 0 0 0 4.166286e-01 -6.239865e-03 9.726067e-01 6.935704e-01 5.923034e-01 1.306178e-01 1.005432e+00 1.003863e+00 1.127003e-01 
120 1201 0 0 0 4.131007e-01 -4.456863e-03 9.716105e-01 6.960670e-01 5.918463e-01 1.200925e-01 1.007850e+00 1.004195e+00 1.115229e-01 
121 1211 0 0 0 4.090815e-01 -1.068480e-02 9.828961e-01 6.980684e-01 5.942230e-01 1.109204e-01 1.006451e+00 1.000310e+00 1.136825e-01 
122 1221 0 0 0 4.094461e-01 -9.438494e-03 9.883524e-01 7.074978e-01 5.939026e-01 1.105080e-01 1.004348e+00 1.001174e+00 1.139503e-01 
123 1231 0 0 0 4.118254e-01 -8.320777e-03 9.766818e-01 7.187882e-01 5.893492e-01 1.086805e-01 1.004070e+00 1.001965e+00 1.131626e-01 
124 1241 0 0 0 4.091286e-01 -1.147136e-02 9.846142e-01 7.061671e-01 5.907481e-01 9.977719e-02 1.005409e+00 1.003222e+00 1.119672e-01 
125 1251 0 0 0 4.016042e-01 -1.132093e-02 9.845686e-01 7.059411e-01 5.911155e-01 8.503516e-02 1.005516e+00 1.001336e+00 1.123885e-01 
126 1261 0 0 0 3.976602e-01 -9.474050e-03 9.858933e-01 7.119028e-01 5.976262e-01 6.551331e-02 1.007372e+00 1.002068e+00 1.134975e-01 
127 1271 0 0 0 3.974792e-01 -3.156213e-03 9.873103e-01 7.161698e-01 5.945752e-01 5.777147e-02 1.008933e+00 9.938095e-01 1.116933e-01 
128 1281 0 0 0 3.978700e-01 -2.923911e-03 9.975344e-01 7.154001e-01 5.930316e-01 5.853655e-02 1.006823e+00 9.943433e-01 1.119402e-01 
129 1291 0 0 0 3.921611e-01 -1.124136e-02 9.994512e-01 7.219520e-01 5.979084e-01 4.858447e-02 1.008661e+00 9.959035e-01 1.112270e-01 
130 1301 0 0 0 3.839235e-01 -8.219408e-03 1.002887e+00 7.313278e-01 5.953041e-01 3.112948e-02 1.010192e+00 9.970817e-01 1.123332e-01 
131 1311 0 0 0 3.804667e-01 -1.102743e-02 1.005706e+00 7.282643e-01 6.043261e-01 2.342250e-02 1.007883e+00 9.950233e-01 1.107932e-01 
132 1321 0 0 0 3.768224e-01 -1.788610e-03 1.014237e+00 7.360927e-01 6.072373e-01 1.012426e-02 1.005181e+00 9.923901e-01 1.099737e-01 
133 1331 0 0 0 3.834888e-01 5.044546e-04 1.015268e+00 7.507512e-01 6.059981e-01 1.265016e-03 1.008327e+00 9.993159e-01 1.127749e-01 
134 1341 0 0 0 3.819969e-01 7.526108e-03 1.006441e+00 7.394124e-01 6.043039e-01 8.201871e-03 1.006555e+00 9.968243e-01 1.127311e-01 
135 1351 0 0 0 3.911287e-01 1.316232e-02 9.951238e-01 7.583521e-01 6.007339e-01 9.935037e-03 1.007360e+00 9.995938e-01 1.140942e-01 
136 1361 0 0 0 3.918624e-01 7.014563e-03 9.961778e-01 7.695331e-01 6.082148e-01 7.494424e-03 1.008549e+00 1.000394e+00 1.148514e-01 
137 1371 0 0 0 3.890269e-01 -3.245112e-03 9.972763e-01 7.673524e-01 6.133034e-01 1.957233e-03 1.008173e+00 1.000669e+00 1.145970e-01 
138 1381 0 0 0 3.890818e-01 1.894126e-03 1.000580e+00 7.762431e-01 6.075990e-01 6.039669e-03 1.009262e+00 1.007317e+00 1.145411e-01 
139 1391 0 0 0 3.940547e-01 4.049362e-03 9.935519e-01 7.782093e-01 6.055917e-01 9.398936e-03 1.008880e+00 1.006482e+00 1.126619e-01 
140 1401 0 0 0 3.936840e-01 7.367038e-03 9.961221e-01 7.888839e-01 6.020780e-01 -5.603526e-04 1.007218e+00 1.004103e+00 1.138552e-01 
141 1411 0 0 0 4.019011e-01 4.066741e-03 9.866902e-01 8.107156e-01 6.086164e-01 3.823619e-03 1.007498e+00 1.004744e+00 1.136998e-01 
142 1421 0 0 0 4.068567e-01 -3.338018e-04 9.812158e-01 8.244695e-01 6.056003e-01 4.052428e-03 1.007079e+00 1.006636e+00 1.145782e-01 
143 1431 0 0 0 4.029889e-01 7.184712e-03 9.940571e-01 8.340597e-01 6.041828e-01 -1.833979e-03 1.009662e+00 1.009891e+00 1.137756e-01 
144 1441 0 0 0 4.084145e-01 5.080474e-03 9.893330e-01 8.454343e-01 6.101289e-01 6.955822e-03 1.008665e+00 1.012838e+00 1.144532e-01 
145 1451 0 0 0 4.083317e-01 5.182888e-04 9.902987e-01 8.610310e-01 6.098579e-01 1.821898e-03 1.008606e+00 1.017218e+00 1.136118e-01 
146 1461 0 0 0 4.136805e-01 -4.332539e-03 9.888070e-01 8.758658e-01 6.089832e-01 -1.069375e-02 1.008669e+00 1.012400e+00 1.161617e-01 
147 1471 0 0 0 4.132840e-01 -2.143269e-03 9.882853e-01 8.637743e-01 6.131482e-01 3.961526e-03 1.007286e+00 1.012064e+00 1.150957e-01 
148 1481 0 0 0 4.179574e-01 -5.422723e-03 9.909757e-01 8.921600e-01 6.148297e-01 -3.638923e-03 1.006453e+00 1.005261e+00 1.154793e-01 
149 1491 0 0 0 4.212640e-01 2.882402e-03 9.935937e-01 9.232638e-01 6.166750e-01 -7.137535e-03 1.002919e+00 1.007104e+00 1.153915e-01 
150 1501 0 0 0 4.282612e-01 1.370138e-03 9.875810e-01 9.165024e-01 6.189580e-01 1.440474e-02 9.997845e-01 1.008738e+00 1.154113e-01 
151 1511 0 0 0 4.220719e-01 1.648817e-03 9.909445e-01 9.512424e-01 6.207449e-01 -1.532109e-03 9.977618e-01 1.007193e+00 1.153930e-01 
152 1521 0 0 0 4.159404e-01 4.798047e-04 9.925777e-01 9.557189e-01 6.174026e-01 7.751303e-05 9.970232e-01 1.000336e+00 1.150337e-01 
153 1531 0 0 0 4.182324e-01 -3.240194e-03 9.885482e-01 9.518296e-01 6.072313e-01 3.016707e-02 9.965734e-01 9.979852e-01 1.127984e-01 
154 1541 0 0 0 4.168697e-01 -2.415267e-03 9.852667e-01 9.635627e-01 6.008017e-01 1.383556e-02 1.001898e+00 1.004479e+00 1.120323e-01 
155 1551 0 0 0 4.188487e-01 2.689814e-03 9.837980e-01 9.508017e-01 5.827072e-01 1.829655e-02 1.003093e+00 1.008319e+00 1.119120e-01 
156 1561 0 0 0 4.264627e-01 -6.409704e-03 9.878111e-01 9.792089e-01 5.877638e-01 2.340277e-02 1.004018e+00 1.006300e+00 1.143361e-01 
157 1571 0 0 0 4.270504e-01 -1.243292e-02 9.870143e-01 9.987311e-01 5.755156e-01 1.737274e-02 1.004114e+00 1.008447e+00 1.125862e-01 
158 1581 0 0 0 4.264491e-01 -1.586487e-02 9.930414e-01 9.575266e-01 5.955997e-01 3.225664e-02 1.004781e+00 1.010732e+00 1.131364e-01 
159 1591 0 0 0 4.312743e-01 -1.486065e-02 9.862988e-01 9.775351e-01 5.849323e-01 2.944592e-02 1.007925e+00 1.002970e+00 1.129820e-01 
160 1601 0 0 0 4.348348e-01 -1.001479e-02 9.856497e-01 9.880421e-01 5.808233e-01 2.600002e-02 1.009790e+00 9.989095e-01 1.144930e-01 
161 1611 0 0 0 4.230764e-01 -2.486746e-03 9.987082e-01 9.805168e-01 5.786285e-01 1.784030e-02 1.012929e+00 1.005525e+00 1.132443e-01 
162 1621 0 0 0 4.189210e-01 -6.460967e-03 1.003188e+00 1.000013e+00 5.739946e-01 1.944026e-02 1.014498e+00 1.000407e+00 1.132414e-01 
163 1631 0 0 0 4.253268e-01 2.103973e-03 9.891106e-01 1.000336e+00 5.713610e-01 2.686706e-02 1.008003e+00 1.001837e+00 1.132424e-01 
164 1641 0 0 0 4.282094e-01 8.907529e-03 9.829433e-01 1.000880e+00 5.746551e-01 2.828334e-02 1.007947e+00 1.001747e+00 1.132166e-01 
165 1651 0 0 0 4.323390e-01 1.128680e-02 9.772453e-01 9.785532e-01 5.751685e-01 4.018676e-02 1.004960e+00 1.001372e+00 1.144413e-01 
166 1661 0 0 0 4.285344e-01 -3.078269e-04 9.858534e-01 9.903185e-01 5.841602e-01 3.328050e-02 1.004401e+00 1.002140e+00 1.144863e-01 
167 1671 0 0 0 4.298867e-01 -9.079953e-04 9.922913e-01 9.930661e-01 5.861067e-01 2.041205e-02 1.008221e+00 1.003043e+00 1.158509e-01 
168 1681 0 0 0 4.320787e-01 2.507610e-03 9.960475e-01 1.003283e+00 5.835961e-01 2.671873e-02 1.005620e+00 1.003895e+00 1.155016e-01 
169 1691 0 0 0 4.301466e-01 6.553671e-04 1.001436e+00 1.005218e+00 5.862402e-01 2.285911e-02 1.004015e+00 1.000052e+00 1.140837e-01 
170 1701 0 0 0 4.305393e-01 -4.526374e-03 1.000174e+00 1.002801e+00 5.874580e-01 2.179051e-02 1.002266e+00 1.002803e+00 1.138386e-01 
171 1711 0 0 0 4.309417e-01 -3.268095e-03 1.001367e+00 9.981966e-01 5.901193e-01 2.192626e-02 9.999795e-01 1.001414e+00 1.155818e-01 
172 1721 0 0 0 4.336390e-01 1.110790e-03 1.001751e+00 1.000136e+00 5.945559e-01 1.621718e-02 9.979205e-01 1.002110e+00 1.160661e-01 
173 1731 0 0 0 4.347241e-01 7.236014e-03 9.989780e-01 1.001679e+00 5.941193e-01 1.240975e-02 1.001448e+00 1.003214e+00 1.166943e-01 
174 1741 0 0 0 4.304771e-01 6.546230e-03 1.001596e+00 9.947915e-01 5.947730e-01 1.304546e-02 1.002064e+00 1.003259e+00 1.163166e-01 
175 1751 0 0 0 4.317574e-01 -1.447597e-03 1.003249e+00 1.002192e+00 5.983998e-01 7.121272e-03 1.001705e+00 1.002593e+00 1.163212e-01 
176 1761 0 0 0 4.290501e-01 -1.148789e-03 1.004119e+00 1.001751e+00 6.001693e-01 2.315056e-03 1.003640e+00 1.002533e+00 1.158077e-01 
177 1771 0 0 0 4.303561e-01 -1.700218e-03 9.994429e-01 9.992584e-01 5.986645e-01 7.326522e-03 1.002791e+00 1.000540e+00 1.160694e-01 
178 1781 0 0 0 4.327682e-01 -2.114282e-03 1.003651e+00 1.001598e+00 6.017862e-01 5.864919e-03 1.001736e+00 1.002012e+00 1.163160e-01 
179 1791 0 0 0 4.322580e-01 -1.520467e-03 1.001278e+00 1.000403e+00 6.027894e-01 9.787217e-03 1.000648e+00 1.002442e+00 1.164271e-01 
180 1801 0 0 0 4.292786e-01 4.155048e-04 1.001886e+00 1.002478e+00 6.002477e-01 3.581521e-03 1.001036e+00 9.998122e-01 1.162633e-01 
181 1811 0 0 0 4.289728e-01 3.817981e-04 1.000344e+00 1.000461e+00 5.998774e-01 5.872872e-03 1.000361e+00 9.991372e-01 1.159201e-01 
182 1821 0 0 0 4.302830e-01 2.268294e-04 9.992724e-01 9.990485e-01 5.999934e-01 6.184765e-03 9.995672e-01 1.000624e+00 1.157915e-01 
183 1831 0 0 0 4.282757e-01 -9.204502e-04 9.998864e-01 9.985125e-01 6.004712e-01 4.892542e-03 9.998452e-01 1.000325e+00 1.156269e-01 
184 1841 0 0 0 4.282142e-01 -2.382897e-03 1.001492e+00 9.996578e-01 6.044844e-01 1.857813e-03 9.991092e-01 1.003089e+00 1.161170e-01 
185 1851 0 0 0 4.279478e-01 -4.912907e-03 1.003339e+00 9.998253e-01 6.048684e-01 2.405667e-03 9.997455e-01 1.001829e+00 1.161883e-01 
186 1861 0 0 0 4.277474e-01 -4.528665e-03 1.003175e+00 1.001405e+00 6.029834e-01 1.883760e-03 1.000228e+00 9.998773e-01 1.163591e-01 
187 1871 0 0 0 4.295527e-01 -1.377072e-03 1.002366e+00 1.000900e+00 6.023494e-01 5.162256e-03 1.000695e+00 1.000426e+00 1.159932e-01 
188 1881 0 0 0 4.298881e-01 -1.366592e-03 1.003101e+00 9.990002e-01 6.054327e-01 5.243887e-03 1.000701e+00 1.001082e+00 1.158949e-01 
189 1891 0 0 0 4.291101e-01 -1.787308e-03 1.002482e+00 9.993421e-01 6.041966e-01 3.949453e-03 1.001084e+00 9.999888e-01 1.158660e-01 
190 1901 0 0 0 4.298522e-01 -2.390992e-03 1.001703e+00 9.998531e-01 6.037806e-01 5.394067e-03 1.001479e+00 1.000093e+00 1.157951e-01 
191 1911 0 0 0 4.305536e-01 -1.925622e-03 1.000521e+00 9.992391e-01 6.035978e-01 6.333411e-03 1.001449e+00 1.000437e+00 1.159378e-01 
192 1921 0 0 0 4.311906e-01 -2.553525e-03 9.998070e-01 1.001242e+00 6.027871e-01 5.306981e-03 1.000972e+00 1.000953e+00 1.160725e-01 
193 1931 0 0 0 4.307632e-01 -3.388809e-03 9.992945e-01 1.001490e+00 6.027427e-01 2.709568e-03 1.000554e+00 1.000096e+00 1.160787e-01 
194 1941 0 0 0 4.299726e-01 -2.835174e-03 9.999714e-01 1.001273e+00 6.017817e-01 1.661864e-03 1.000888e+00 1.000728e+00 1.161029e-01 
195 1951 0 0 0 4.302849e-01 -2.768244e-03 9.996610e-01 1.000329e+00 6.021188e-01 1.731129e-03 1.000899e+00 1.000499e+00 1.161705e-01 
196 1961 0 0 0 4.296797e-01 -2.470138e-03 1.000367e+00 1.000578e+00 6.024379e-01 1.425885e-03 1.000820e+00 1.000494e+00 1.161015e-01 
197 1971 0 0 0 4.296874e-01 -1.946473e-03 1.001088e+00 1.002054e+00 6.030777e-01 -1.579082e-04 1.001247e+00 1.000577e+00 1.162189e-01 
198 1981 0 0 0 4.299492e-01 -1.707911e-03 1.000173e+00 1.000334e+00 6.026474e-01 9.289656e-04 1.001191e+00 1.000558e+00 1.160199e-01 
199 1991 0 0 0 4.296021e-01 -1.733518e-03 1.000436e+00 1.001239e+00 6.030013e-01 3.582967e-04 1.001130e+00 1.000787e+00 1.159911e-01 
200 2001 0 0 0 4.294137e-01 -1.295739e-03 1.000498e+00 1.001234e+00 6.036259e-01 -3.503254e-04 1.001225e+00 1.000982e+00 1.161275e-01 
201 2011 0 0 0 4.291454e-01 -1.147202e-03 1.001145e+00 1.000622e+00 6.039152e-01 -1.151646e-03 1.001008e+00 1.001070e+00 1.160857e-01 
202 2021 0 0 0 4.290299e-01 -1.438651e-03 1.000817e+00 1.000709e+00 6.041232e-01 -1.395546e-03 1.000927e+00 1.001342e+00 1.161073e-01 
203 2031 0 0 0 4.292469e-01 -6.246590e-04 1.000895e+00 1.000347e+00 6.035444e-01 -1.630514e-03 1.001369e+00 1.001387e+00 1.161637e-01 
204 2041 0 0 0 4.294666e-01 -1.095873e-03 1.000684e+00 1.000344e+00 6.039072e-01 -5.662531e-04 1.001363e+00 1.001415e+00 1.162648e-01 
205 2051 0 0 0 4.293164e-01 -8.936414e-04 1.001222e+00 9.999506e-01 6.040174e-01 1.714947e-04 1.001273e+00 1.001655e+00 1.162333e-01 
206 2061 0 0 0 4.298496e-01 -6.136912e-04 1.000847e+00 1.000631e+00 6.032809e-01 -3.192534e-04 1.001084e+00 1.001111e+00 1.162587e-01 
207 2071 0 0 0 4.296842e-01 -9.686438e-04 1.000425e+00 1.000313e+00 6.032913e-01 -1.389353e-03 1.001048e+00 1.001299e+00 1.162984e-01 
208 2081 0 0 0 4.295436e-01 -1.151302e-03 1.000542e+00 1.000649e+00 6.033352e-01 -1.617176e-03 1.000689e+00 1.001295e+00 1.163035e-01 
209 2091 0 0 0 4.298249e-01 -1.050586e-03 1.000040e+00 1.000386e+00 6.031731e-01 -8.024457e-04 1.000536e+00 1.000653e+00 1.162252e-01 
210 2101 0 0 0 4.297638e-01 -1.295075e-03 1.000094e+00 1.000371e+00 6.035089e-01 -4.695997e-04 1.000517e+00 1.000627e+00 1.161769e-01 
211 2111 0 0 0 4.294015e-01 -1.046714e-03 1.000450e+00 1.000189e+00 6.033657e-01 -2.244561e-04 1.000458e+00 1.000232e+00 1.161232e-01 
212 2121 0 0 0 4.296138e-01 -9.946966e-04 1.000493e+00 1.000124e+00 6.039595e-01 -4.447545e-04 1.000371e+00 1.000313e+00 1.161753e-01 
213 2131 0 0 0 4.296407e-01 -8.240875e-04 1.000903e+00 1.000633e+00 6.045716e-01 -3.521947e-04 1.000429e+00 1.000495e+00 1.161519e-01 
214 2141 0 0 0 4.293174e-01 -8.574777e-04 1.001050e+00 1.000886e+00 6.049047e-01 -4.125064e-04 1.000539e+00 1.000376e+00 1.161287e-01 
215 2151 0 0 0 4.296580e-01 -4.932964e-04 1.000537e+00 1.001100e+00 6.049485e-01 -2.302237e-05 1.000589e+00 1.000493e+00 1.162217e-01 
216 2161 0 0 0 4.297156e-01 -8.983397e-04 1.000452e+00 1.000689e+00 6.055432e-01 1.124980e-04 1.000299e+00 1.000494e+00 1.161665e-01 
217 2171 0 0 0 4.297738e-01 -9.428163e-04 1.000062e+00 1.000741e+00 6.060198e-01 -1.803823e-04 1.000373e+00 1.000941e+00 1.162674e-01 
218 2181 0 0 0 4.294626e-01 -5.855041e-04 1.000447e+00 1.000599e+00 6.059422e-01 -3.066318e-04 1.000188e+00 1.000509e+00 1.163036e-01 
219 2191 0 0 0 4.297400e-01 -9.149212e-04 1.000686e+00 1.000445e+00 6.068256e-01 6.515603e-05 1.000105e+00 1.000456e+00 1.163252e-01 
220 2201 0 0 0 4.298529e-01 -7.285884e-04 1.000754e+00 1.000543e+00 6.069140e-01 1.335728e-05 1.000184e+00 1.000600e+00 1.163451e-01 
221 2211 0 0 0 4.299815e-01 -9.551090e-04 1.000640e+00 1.000739e+00 6.073797e-01 -5.672120e-06 1.000265e+00 1.000768e+00 1.163503e-01 
222 2221 0 0 0 4.298178e-01 -5.002511e-04 1.001072e+00 1.001160e+00 6.079747e-01 -7.602434e-05 1.000057e+00 1.000615e+00 1.162384e-01 
223 2231 0 0 0 4.300160e-01 -5.901594e-04 1.000945e+00 1.000869e+00 6.082512e-01 -6.711779e-05 1.000263e+00 1.001072e+00 1.162493e-01 
224 2241 0 0 0 4.301053e-01 -6.519255e-04 1.000689e+00 1.000209e+00 6.088492e-01 -2.000031e-04 1.000238e+00 1.000986e+00 1.162425e-01 
225 2251 0 0 0 4.301134e-01 -8.246468e-04 1.001108e+00 1.000308e+00 6.097264e-01 -8.481256e-05 1.000103e+00 1.001090e+00 1.162765e-01 
226 2261 0 0 0 4.299761e-01 -4.864487e-04 1.000890e+00 1.000350e+00 6.100721e-01 -3.407271e-04 1.000095e+00 1.001506e+00 1.162741e-01 
227 2271 0 0 0 4.298845e-01 -4.021790e-04 1.000764e+00 9.999392e-01 6.105036e-01 -4.585826e-04 1.000191e+00 1.001566e+00 1.161729e-01 
228 2281 0 0 0 4.300151e-01 -5.386931e-04 1.000824e+00 9.996743e-01 6.121503e-01 -7.654474e-04 1.000214e+00 1.002202e+00 1.162839e-01 
229 2291 0 0 0 4.300091e-01 -9.468814e-04 1.000745e+00 1.000179e+00 6.124008e-01 -4.706260e-04 1.000100e+00 1.001916e+00 1.163634e-01 
230 2301 0 0 0 4.294524e-01 -9.817507e-04 1.000910e+00 1.000750e+00 6.121826e-01 -1.065934e-03 1.000234e+00 1.002128e+00 1.163248e-01 
231 2311 0 0 0 4.298080e-01 -4.005007e-05 1.000383e+00 1.001076e+00 6.132589e-01 -8.550775e-04 1.000368e+00 1.001840e+00 1.162941e-01 
232 2321 0 0 0 4.302016e-01 -5.752985e-04 9.999922e-01 1.001350e+00 6.148048e-01 -5.648324e-04 1.000309e+00 1.001662e+00 1.163808e-01 
233 2331 0 0 0 4.298356e-01 -9.260716e-04 1.000348e+00 1.001351e+00 6.170615e-01 -7.362224e-04 1.000048e+00 1.001687e+00 1.164081e-01 
234 2341 0 0 0 4.292470e-01 -1.128808e-03 1.000929e+00 1.000790e+00 6.199843e-01 -1.145679e-03 9.998423e-01 1.001212e+00 1.164138e-01 
235 2351 0 0 0 4.293041e-01 -1.479606e-03 1.000685e+00 1.000476e+00 6.220488e-01 -1.154064e-03 9.998155e-01 1.001268e+00 1.164923e-01 
236 2361 0 0 0 4.289942e-01 -2.289735e-03 1.000329e+00 9.996519e-01 6.279747e-01 -7.003370e-04 1.000204e+00 1.001954e+00 1.163826e-01 
237 2371 0 0 0 4.288432e-01 -1.757634e-03 1.000548e+00 9.997531e-01 6.268582e-01 -5.187562e-04 1.000424e+00 1.002102e+00 1.161809e-01 
238 2381 0 0 0 4.272403e-01 -1.949625e-03 1.000164e+00 1.000615e+00 6.301563e-01 -1.590718e-03 1.000410e+00 1.001259e+00 1.159430e-01 
239 2391 0 0 0 4.282609e-01 -1.524488e-03 1.000131e+00 1.002830e+00 6.342367e-01 1.005970e-03 1.000657e+00 1.001102e+00 1.160939e-01 
240 2401 0 0 0 4.293872e-01 -1.872278e-03 9.997410e-01 1.001845e+00 6.404909e-01 7.798633e-04 9.998221e-01 1.001147e+00 1.163554e-01 
241 2411 0 0 0 4.287439e-01 -6.788111e-04 1.001356e+00 1.002637e+00 6.390179e-01 8.915176e-04 1.000704e+00 1.001452e+00 1.162776e-01 
242 2421 0 0 0 4.293648e-01 -2.137255e-03 1.001229e+00 1.001651e+00 6.480622e-01 2.599274e-03 1.000054e+00 1.001482e+00 1.166625e-01 
243 2431 0 0 0 4.293963e-01 -2.631481e-03 1.003945e+00 1.001220e+00 6.552436e-01 3.850063e-03 9.997887e-01 1.001686e+00 1.169304e-01 
244 2441 0 0 0 4.300326e-01 -2.822337e-03 1.002989e+00 1.001281e+00 6.637086e-01 6.818465e-03 1.000035e+00 1.003165e+00 1.169454e-01 
245 2451 0 0 0 4.276757e-01 -3.346591e-03 1.003017e+00 9.997548e-01 6.607501e-01 6.147654e-03 1.000200e+00 1.001657e+00 1.165586e-01 
246 2461 0 0 0 4.276439e-01 -2.476377e-04 1.003481e+00 9.996760e-01 6.554075e-01 4.392053e-03 1.000339e+00 1.000489e+00 1.165108e-01 
247 2471 0 0 0 4.274295e-01 8.259796e-05 1.002977e+00 9.992821e-01 6.580950e-01 1.845424e-03 1.000919e+00 1.001645e+00 1.167856e-01 
248 2481 0 0 0 4.283625e-01 -3.901676e-04 1.003555e+00 9.990692e-01 6.649200e-01 4.896339e-03 1.001467e+00 1.000142e+00 1.168819e-01 
249 2491 0 0 0 4.290355e-01 -1.196039e-03 1.001363e+00 9.997345e-01 6.746506e-01 4.329392e-03 1.000951e+00 1.000824e+00 1.167951e-01 
250 2501 0 0 0 4.285257e-01 -1.177917e-03 1.001894e+00 9.987615e-01 6.753049e-01 3.628889e-03 1.001767e+00 1.002079e+00 1.167544e-01 
251 2511 0 0 0 4.282466e-01 -1.913615e-03 1.002281e+00 1.000572e+00 6.810609e-01 4.009572e-03 1.002393e+00 1.001289e+00 1.167335e-01 
252 2521 0 0 0 4.276476e-01 -1.843921e-03 1.000863e+00 1.002190e+00 6.872562e-01 5.329494e-03 1.002012e+00 1.001727e+00 1.168996e-01 
253 2531 0 0 0 4.248261e-01 -4.456415e-04 1.002770e+00 1.000364e+00 6.883704e-01 2.233972e-03 1.002426e+00 1.002168e+00 1.166040e-01 
254 2541 0 0 0 4.274871e-01 -1.365913e-03 1.001115e+00 1.002318e+00 6.992973e-01 5.915313e-03 1.001406e+00 1.000940e+00 1.167875e-01 
255 2551 0 0 0 4.262818e-01 -1.027911e-03 9.993042e-01 1.001723e+00 7.079576e-01 5.249085e-03 1.000557e+00 1.000704e+00 1.168578e-01 
256 2561 0 0 0 4.252174e-01 -1.140468e-03 1.000829e+00 9.997100e-01 7.153741e-01 3.035911e-03 1.000184e+00 9.992953e-01 1.169215e-01 
257 2571 0 0 0 4.274056e-01 -1.751613e-03 1.002573e+00 9.979236e-01 7.210242e-01 4.547570e-03 9.998558e-01 9.995085e-01 1.173426e-01 
258 2581 0 0 0 4.267436e-01 -5.975439e-05 1.002385e+00 9.967324e-01 7.434567e-01 3.526540e-03 9.993078e-01 9.995471e-01 1.174713e-01 
259 2591 0 0 0 4.284844e-01 -2.303999e-03 1.002477e+00 9.973882e-01 7.700250e-01 4.510273e-03 9.984273e-01 9.993000e-01 1.183452e-01 
260 2601 0 0 0 4.301308e-01 -4.234653e-03 1.003020e+00 9.983225e-01 7.636834e-01 8.145997e-04 9.978600e-01 9.983804e-01 1.184825e-01 
261 2611 0 0 0 4.299495e-01 -2.748185e-03 1.003048e+00 9.997856e-01 7.713022e-01 3.884390e-03 9.972339e-01 9.980396e-01 1.185566e-01 
262 2621 0 0 0 4.310473e-01 -2.107047e-03 1.002042e+00 1.001445e+00 7.649735e-01 6.077628e-03 9.985377e-01 9.992994e-01 1.183309e-01 
263 2631 0 0 0 4.306379e-01 -7.466818e-04 1.005051e+00 9.992444e-01 7.924122e-01 2.347658e-03 9.975259e-01 1.000481e+00 1.188720e-01 
264 2641 0 0 0 4.315268e-01 1.162767e-03 1.000263e+00 1.004082e+00 7.827197e-01 4.327673e-04 9.980403e-01 1.000924e+00 1.190496e-01 
265 2651 0 0 0 4.344109e-01 1.443772e-03 9.967440e-01 1.004612e+00 7.862410e-01 4.882988e-04 9.985711e-01 1.000706e+00 1.193236e-01 
266 2661 0 0 0 4.323337e-01 1.700007e-03 1.000332e+00 1.003655e+00 8.007496e-01 8.167053e-04 9.991907e-01 1.001014e+00 1.194663e-01 
267 2671 0 0 0 4.298490e-01 2.363297e-03 1.003725e+00 1.000881e+00 7.980195e-01 -1.921634e-04 9.991186e-01 1.002253e+00 1.189771e-01 
268 2681 0 0 0 4.302665e-01 2.482361e-03 1.003293e+00 9.992297e-01 8.043105e-01 7.983872e-04 1.000079e+00 1.001383e+00 1.189541e-01 
269 2691 0 0 0 4.316376e-01 2.643247e-03 1.002696e+00 1.003064e+00 7.947023e-01 5.360815e-03 1.000136e+00 1.001105e+00 1.188294e-01 
270 2701 0 0 0 4.329726e-01 4.439093e-03 1.002728e+00 1.002627e+00 7.980312e-01 5.700045e-03 1.001014e+00 1.001099e+00 1.189660e-01 
271 2711 0 0 0 4.310399e-01 5.376214e-03 1.004691e+00 9.993999e-01 8.070290e-01 3.485070e-03 1.001404e+00 1.001258e+00 1.190203e-01 
272 2721 0 0 0 4.306126e-01 5.293425e-03 1.003608e+00 9.990322e-01 8.339179e-01 3.858381e-03 1.000744e+00 1.000606e+00 1.193812e-01 
273 2731 0 0 0 4.300358e-01 4.247619e-03 1.002192e+00 9.984053e-01 8.388620e-01 3.447519e-03 9.996199e-01 9.998534e-01 1.192647e-01 
274 2741 0 0 0 4.298848e-01 2.903838e-03 1.001585e+00 9.993063e-01 8.671109e-01 3.088760e-03 9.984907e-01 1.000070e+00 1.195375e-01 
275 2751 0 0 0 4.310366e-01 2.139375e-03 1.001720e+00 9.991436e-01 8.736632e-01 2.699402e-03 9.979281e-01 1.000920e+00 1.194366e-01 
276 2761 0 0 0 4.310426e-01 1.253759e-03 1.001124e+00 1.000601e+00 8.840347e-01 5.389996e-03 9.967163e-01 9.997240e-01 1.194109e-01 
277 2771 0 0 0 4.314899e-01 3.946017e-04 9.992277e-01 1.001897e+00 9.127331e-01 1.513321e-03 9.970689e-01 9.995815e-01 1.197792e-01 
278 2781 0 0 0 4.318008e-01 -1.367231e-04 9.977919e-01 1.000801e+00 9.330680e-01 1.960331e-03 9.956411e-01 1.001155e+00 1.200616e-01 
279 2791 0 0 0 4.309579e-01 3.303236e-03 9.985137e-01 1.001271e+00 9.321851e-01 2.693274e-03 9.973864e-01 1.001874e+00 1.198105e-01 
280 2801 0 0 0 4.315403e-01 2.176956e-03 9.984226e-01 1.002886e+00 9.667704e-01 7.201288e-03 9.968572e-01 1.003890e+00 1.200152e-01 
281 2811 0 0 0 4.322527e-01 2.898481e-03 9.983372e-01 1.000897e+00 9.769297e-01 7.622977e-03 9.984631e-01 1.002745e+00 1.201222e-01 
282 2821 0 0 0 4.350480e-01 -5.510050e-05 9.956534e-01 9.977551e-01 9.889469e-01 9.954981e-03 9.971392e-01 1.000585e+00 1.204368e-01 
283 2831 0 0 0 4.344198e-01 8.893508e-04 9.944627e-01 9.982677e-01 9.690362e-01 9.696794e-03 9.994662e-01 1.002438e+00 1.198242e-01 
284 2841 0 0 0 4.334688e-01 -2.463026e-04 9.939783e-01 9.998998e-01 9.891887e-01 9.730567e-03 9.992341e-01 1.003906e+00 1.199489e-01 
285 2851 0 0 0 4.321863e-01 2.951837e-03 9.925823e-01 9.989602e-01 9.669491e-01 1.025039e-02 1.000927e+00 1.003986e+00 1.196821e-01 
286 2861 0 0 0 4.322764e-01 1.746756e-03 9.931013e-01 1.000388e+00 9.697073e-01 1.153556e-02 1.000200e+00 1.005286e+00 1.197867e-01 
287 2871 0 0 0 4.317570e-01 4.553822e-04 9.911195e-01 9.994278e-01 9.803541e-01 1.018416e-02 9.995328e-01 1.005186e+00 1.199357e-01 
288 2881 0 0 0 4.321846e-01 7.979483e-04 9.920892e-01 9.999049e-01 9.865306e-01 1.175952e-02 9.992897e-01 1.004044e+00 1.200427e-01 
289 2891 0 0 0 4.309568e-01 9.322690e-04 9.916219e-01 9.983472e-01 9.839921e-01 1.164189e-02 9.996638e-01 1.005158e+00 1.197396e-01 
290 2901 0 0 0 4.303959e-01 -5.150972e-04 9.917805e-01 9.996470e-01 9.910494e-01 1.072409e-02 1.000694e+00 1.004988e+00 1.198594e-01 
291 2911 0 0 0 4.287084e-01 -1.742177e-03 9.935431e-01 9.967975e-01 9.769270e-01 9.303816e-03 1.000699e+00 1.005527e+00 1.196886e-01 
292 2921 0 0 0 4.274958e-01 -1.328348e-03 9.974572e-01 9.954177e-01 9.923140e-01 9.067140e-03 1.001503e+00 1.005024e+00 1.197492e-01 
293 2931 0 0 0 4.274391e-01 -3.157104e-03 9.999736e-01 9.964790e-01 9.899173e-01 6.543488e-03 1.001343e+00 1.004585e+00 1.196803e-01 
294 2941 0 0 0 4.283545e-01 -3.804275e-03 9.976558e-01 1.000108e+00 9.835369e-01 1.047623e-02 1.001718e+00 1.004259e+00 1.195242e-01 
295 2951 0 0 0 4.273167e-01 -2.686950e-03 9.983802e-01 9.995791e-01 9.812514e-01 8.447389e-03 1.001856e+00 1.004500e+00 1.195509e-01 
296 2961 0 0 0 4.272192e-01 -2.351145e-03 9.994443e-01 9.988179e-01 9.786715e-01 9.864189e-03 1.001232e+00 1.003733e+00 1.195462e-01 
297 2971 0 0 0 4.266037e-01 -6.167997e-04 9.998802e-01 9.968185e-01 9.865825e-01 1.150489e-02 1.001120e+00 1.003297e+00 1.194204e-01 
298 2981 0 0 0 4.266812e-01 -1.090040e-03 9.991858e-01 9.967449e-01 9.890247e-01 1.201175e-02 1.000525e+00 1.002584e+00 1.193851e-01 
299 2991 0 0 0 4.259252e-01 -1.001614e-03 9.995336e-01 9.970051e-01 9.942387e-01 1.027309e-02 1.000677e+00 1.002450e+00 1.192649e-01 
300 3001 0 0 0 4.268484e-01 -1.757197e-03 9.983860e-01 9.989021e-01 9.952088e-01 1.051417e-02 1.001109e+00 1.001712e+00 1.193370e-01 
301 3011 0 0 0 4.259318e-01 -6.347375e-04 9.989375e-01 9.993542e-01 9.874342e-01 9.785659e-03 1.001400e+00 1.001714e+00 1.192364e-01 
302 3021 0 0 0 4.264119e-01 -6.587534e-05 1.001056e+00 9.993795e-01 9.934041e-01 9.121539e-03 1.001403e+00 1.001416e+00 1.195612e-01 
303 3031 0 0 0 4.258677e-01 -4.748812e-04 1.001140e+00 9.993793e-01 9.988478e-01 6.147763e-03 1.001099e+00 1.000732e+00 1.196167e-01 
304 3041 0 0 0 4.265658e-01 6.896359e-05 1.000336e+00 9.995307e-01 9.955740e-01 5.794112e-03 1.001783e+00 1.001195e+00 1.196463e-01 
305 3051 0 0 0 4.265646e-01 -8.064776e-05 9.988143e-01 9.996080e-01 9.991687e-01 5.266769e-03 1.001320e+00 1.001464e+00 1.197693e-01 
306 3061 0 0 0 4.262718e-01 -1.652481e-03 9.989954e-01 9.995624e-01 9.952714e-01 6.853381e-03 1.001332e+00 1.001301e+00 1.195432e-01 
307 3071 0 0 0 4.267722e-01 -1.625006e-03 9.989579e-01 9.990491e-01 9.976275e-01 8.085049e-03 1.000556e+00 1.000995e+00 1.193882e-01 
308 3081 0 0 0 4.269832e-01 -3.330758e-04 9.982885e-01 9.997891e-01 9.954545e-01 7.534939e-03 1.001276e+00 1.001305e+00 1.194925e-01 
309 3091 0 0 0 4.266146e-01 -8.593098e-04 9.992221e-01 9.999344e-01 9.957765e-01 6.065637e-03 1.001373e+00 1.000450e+00 1.194770e-01 
310 3101 0 0 0 4.265798e-01 -1.238961e-03 9.988469e-01 9.997053e-01 9.968986e-01 5.267595e-03 1.000872e+00 1.000317e+00 1.194501e-01 
311 3111 0 0 0 4.264831e-01 -1.441280e-03 9.992949e-01 9.996162e-01 9.954216e-01 4.102518e-03 1.000685e+00 1.000312e+00 1.195861e-01 
312 3121 0 0 0 4.268399e-01 -7.066088e-04 9.996236e-01 1.000041e+00 9.973721e-01 4.495215e-03 1.001250e+00 1.000497e+00 1.196442e-01 
313 3131 0 0 0 4.268629e-01 -1.139191e-03 1.000834e+00 1.000282e+00 9.999004e-01 4.689956e-03 1.000985e+00 1.000369e+00 1.196409e-01 
314 3141 0 0 0 4.269822e-01 -9.459184e-04 1.000726e+00 1.000667e+00 1.000072e+00 4.870688e-03 1.001053e+00 1.000174e+00 1.196281e-01 
315 3151 0 0 0 4.269578e-01 -1.021952e-03 1.001222e+00 1.000503e+00 9.969131e-01 4.510308e-03 1.000862e+00 1.000344e+00 1.196280e-01 
316 3161 0 0 0 4.270681e-01 -2.032594e-03 1.001286e+00 9.999672e-01 9.956387e-01 5.033257e-03 1.000667e+00 1.000287e+00 1.196280e-01 
317 3171 0 0 0 4.274840e-01 -2.228861e-03 1.000935e+00 1.000565e+00 9.971291e-01 4.760973e-03 1.000740e+00 1.000761e+00 1.196378e-01 
318 3181 0 0 0 4.272344e-01 -1.360102e-03 1.001289e+00 9.999612e-01 9.997348e-01 5.926637e-03 1.000839e+00 1.000350e+00 1.196354e-01 
319 3191 0 0 0 4.272114e-01 -1.850566e-03 1.001284e+00 1.000057e+00 9.994445e-01 5.906516e-03 1.000672e+00 1.000447e+00 1.196200e-01 
320 3201 0 0 0 4.274647e-01 -1.650639e-03 1.000769e+00 9.998746e-01 9.995009e-01 5.804041e-03 1.000728e+00 1.000527e+00 1.196274e-01 
321 3211 0 0 0 4.276553e-01 -1.610747e-03 1.000449e+00 1.000112e+00 9.990637e-01 5.797670e-03 1.000656e+00 1.000725e+00 1.196594e-01 
322 3221 0 0 0 4.275998e-01 -1.422990e-03 1.000382e+00 1.000370e+00 1.000156e+00 6.190456e-03 1.000461e+00 1.000544e+00 1.196223e-01 
323 3231 0 0 0 4.276041e-01 -1.025236e-03 1.000384e+00 1.000617e+00 1.000512e+00 6.326819e-03 1.000669e+00 1.000736e+00 1.196487e-01 
324 3241 0 0 0 4.275803e-01 -8.700551e-04 1.000236e+00 1.000084e+00 1.001133e+00 6.659169e-03 1.000491e+00 1.000501e+00 1.196644e-01 
325 3251 0 0 0 4.275475e-01 -6.833676e-04 1.000065e+00 9.999994e-01 1.000285e+00 6.219975e-03 1.000383e+00 1.000676e+00 1.196342e-01 
326 3261 0 0 0 4.274239e-01 -8.269972e-04 1.000145e+00 1.000317e+00 1.001087e+00 5.862040e-03 1.000602e+00 1.000969e+00 1.196757e-01 
327 3271 0 0 0 4.272937e-01 -1.025012e-03 1.000350e+00 1.000262e+00 1.000366e+00 5.191915e-03 1.000389e+00 1.000940e+00 1.196855e-01 
328 3281 0 0 0 4.278605e-01 -1.106045e-03 1.000181e+00 1.000450e+00 1.000961e+00 5.124090e-03 1.000212e+00 1.000898e+00 1.197729e-01 
329 3291 0 0 0 4.278184e-01 -9.539529e-04 1.000525e+00 1.000607e+00 1.000125e+00 4.978517e-03 1.000248e+00 1.000919e+00 1.197430e-01 
330 3301 0 0 0 4.281897e-01 -1.070318e-03 1.000192e+00 1.000659e+00 1.000154e+00 5.253839e-03 1.000160e+00 1.000904e+00 1.197656e-01 
331 3311 0 0 0 4.281596e-01 -1.272207e-03 1.000269e+00 1.000546e+00 9.993460e-01 5.364669e-03 1.000027e+00 1.000658e+00 1.197294e-01 
332 3321 0 0 0 4.280630e-01 -1.079474e-03 1.000352e+00 1.000565e+00 9.988672e-01 4.866138e-03 1.000167e+00 1.000906e+00 1.197468e-01 
333 3331 0 0 0 4.279155e-01 -1.052443e-03 1.000517e+00 1.000660e+00 9.997827e-01 4.680934e-03 1.000386e+00 1.000910e+00 1.197559e-01 
334 3341 0 0 0 4.278711e-01 -8.566427e-04 1.000303e+00 1.000629e+00 9.993728e-01 4.793956e-03 1.000475e+00 1.000949e+00 1.197180e-01 
335 3351 0 0 0 4.280012e-01 -8.452607e-04 1.000421e+00 1.000820e+00 9.995801e-01 4.744369e-03 1.000421e+00 1.001010e+00 1.197711e-01 
336 3361 0 0 0 4.280136e-01 -1.229666e-03 1.000372e+00 1.000977e+00 9.992969e-01 4.418386e-03 1.000365e+00 1.001092e+00 1.197793e-01 
337 3371 0 0 0 4.279941e-01 -1.150433e-03 1.000450e+00 1.000743e+00 1.000019e+00 4.629919e-03 1.000265e+00 1.001096e+00 1.197781e-01 
338 3381 0 0 0 4.279671e-01 -1.058866e-03 1.000497e+00 1.000768e+00 9.997967e-01 4.751444e-03 1.000377e+00 1.000989e+00 1.197553e-01 
339 3391 0 0 0 4.280549e-01 -9.762272e-04 1.000460e+00 1.000774e+00 1.000003e+00 4.917697e-03 1.000383e+00 1.000859e+00 1.197718e-01 
340 3401 0 0 0 4.280631e-01 -8.384738e-04 1.000246e+00 1.000738e+00 9.997957e-01 5.231841e-03 1.000372e+00 1.000856e+00 1.197443e-01 
341 3411 0 0 0 4.281117e-01 -8.433699e-04 1.000145e+00 1.000803e+00 1.000067e+00 5.419755e-03 1.000387e+00 1.000848e+00 1.197388e-01 
342 3421 0 0 0 4.280788e-01 -7.268687e-04 1.000141e+00 1.000906e+00 9.998563e-01 5.513512e-03 1.000459e+00 1.000861e+00 1.197187e-01 
343 3431 0 0 0 4.279394e-01 -5.764619e-04 1.000144e+00 1.000938e+00 1.000510e+00 5.484483e-03 1.000490e+00 1.000692e+00 1.197117e-01 
344 3441 0 0 0 4.277343e-01 -6.322837e-04 1.000257e+00 1.000735e+00 1.000267e+00 5.396952e-03 1.000441e+00 1.000727e+00 1.197024e-01 
345 3451 0 0 0 4.278676e-01 -6.324352e-04 1.000203e+00 1.000658e+00 1.000439e+00 5.318800e-03 1.000344e+00 1.000728e+00 1.197221e-01 
346 3461 0 0 0 4.279267e-01 -6.749958e-04 1.000244e+00 1.000539e+00 1.000322e+00 5.420509e-03 1.000268e+00 1.000758e+00 1.197202e-01 
347 3471 0 0 0 4.279166e-01 -6.175930e-04 1.000312e+00 1.000487e+00 1.000328e+00 5.330145e-03 1.000225e+00 1.000783e+00 1.197218e-01 
348 3481 0 0 0 4.279038e-01 -4.671662e-04 1.000250e+00 1.000401e+00 1.000074e+00 5.539864e-03 1.000274e+00 1.000875e+00 1.197187e-01 
349 3491 0 0 0 4.279146e-01 -3.962008e-04 1.000193e+00 1.000191e+00 1.000022e+00 5.491797e-03 1.000169e+00 1.000794e+00 1.197097e-01 
350 3501 0 0 0 4.277915e-01 -4.465131e-04 1.000134e+00 1.000366e+00 1.000179e+00 5.269098e-03 1.000140e+00 1.000719e+00 1.196962e-01 
351 3511 0 0 0 4.278123e-01 -5.244043e-04 1.000381e+00 1.000292e+00 1.000282e+00 5.485384e-03 1.000233e+00 1.000744e+00 1.196846e-01 
352 3521 0 0 0 4.278113e-01 -4.431279e-04 1.000356e+00 1.000177e+00 1.000472e+00 5.597420e-03 1.000270e+00 1.000600e+00 1.196776e-01 
353 3531 0 0 0 4.277339e-01 -4.511867e-04 1.000293e+00 1.000195e+00 1.000347e+00 5.385015e-03 1.000216e+00 1.000608e+00 1.196786e-01 
354 3541 0 0 0 4.278165e-01 -4.763954e-04 1.000285e+00 1.000167e+00 1.000231e+00 5.369449e-03 1.000145e+00 1.000619e+00 1.196975e-01 
355 3551 0 0 0 4.278020e-01 -4.373185e-04 1.000518e+00 1.000253e+00 1.000392e+00 5.313833e-03 1.000161e+00 1.000557e+00 1.196900e-01 
356 3561 0 0 0 4.277914e-01 -5.113573e-04 1.000604e+00 1.000291e+00 1.000317e+00 5.194586e-03 1.000128e+00 1.000416e+00 1.196929e-01 
357 3571 0 0 0 4.277766e-01 -5.241434e-04 1.000490e+00 1.000264e+00 1.000444e+00 5.232067e-03 1.000124e+00 1.000474e+00 1.196966e-01 
358 3581 0 0 0 4.277836e-01 -5.008935e-04 1.000578e+00 1.000198e+00 1.000201e+00 5.211176e-03 1.000171e+00 1.000535e+00 1.197091e-01 
359 3591 0 0 0 4.278180e-01 -3.969565e-04 1.000465e+00 1.000174e+00 1.000182e+00 5.187605e-03 1.000175e+00 1.000560e+00 1.197130e-01 
360 3601 0 0 0 4.277659e-01 -3.987903e-04 1.000506e+00 1.000215e+00 1.000197e+00 5.248625e-03 1.000173e+00 1.000566e+00 1.197096e-01 
361 3611 0 0 0 4.277848e-01 -3.418154e-04 1.000500e+00 1.000119e+00 1.000028e+00 5.356140e-03 1.000134e+00 1.000440e+00 1.196963e-01 
362 3621 0 0 0 4.277766e-01 -2.754269e-04 1.000397e+00 1.000084e+00 1.000076e+00 5.276342e-03 1.000165e+00 1.000497e+00 1.197090e-01 
363 3631 0 0 0 4.277937e-01 -2.391090e-04 1.000336e+00 1.000164e+00 1.000168e+00 5.244592e-03 1.000152e+00 1.000503e+00 1.197088e-01 
364 3641 0 0 0 4.278207e-01 -1.893723e-04 1.000368e+00 1.000085e+00 1.000305e+00 5.162991e-03 1.000138e+00 1.000464e+00 1.197165e-01 
365 3651 0 0 0 4.278279e-01 -1.447701e-04 1.000193e+00 1.000183e+00 1.000361e+00 5.093501e-03 1.000134e+00 1.000501e+00 1.197250e-01 
366 3661 0 0 0 4.278600e-01 -1.705333e-04 1.000193e+00 1.000161e+00 1.000252e+00 5.035993e-03 1.000110e+00 1.000494e+00 1.197262e-01 
367 3671 0 0 0 4.279257e-01 -1.671704e-04 1.000237e+00 1.000174e+00 1.000183e+00 5.089304e-03 1.000136e+00 1.000465e+00 1.197282e-01 
368 3681 0 0 0 4.279126e-01 -9.783414e-05 1.000158e+00 1.000135e+00 1.000424e+00 5.160090e-03 1.000126e+00 1.000455e+00 1.197200e-01 
369 3691 0 0 0 4.278885e-01 -9.297674e-05 1.000090e+00 1.000135e+00 1.000071e+00 5.111830e-03 1.000168e+00 1.000499e+00 1.197239e-01 
370 3701 0 0 0 4.278708e-01 -7.197249e-05 1.000212e+00 1.000057e+00 1.000170e+00 5.192535e-03 1.000129e+00 1.000460e+00 1.197207e-01 
371 3711 0 0 0 4.278392e-01 -1.229543e-04 1.000178e+00 1.000100e+00 1.000177e+00 5.162994e-03 1.000117e+00 1.000509e+00 1.197171e-01 
372 3721 0 0 0 4.278660e-01 -1.498194e-04 1.000191e+00 1.000064e+00 1.000136e+00 5.091515e-03 1.000066e+00 1.000479e+00 1.197240e-01 
373 3731 0 0 0 4.278262e-01 -2.035222e-04 1.000265e+00 1.000056e+00 1.000154e+00 5.031511e-03 1.000061e+00 1.000506e+00 1.197304e-01 
374 3741 0 0 0 4.278506e-01 -3.017641e-04 1.000310e+00 1.000133e+00 1.000094e+00 5.017281e-03 1.000043e+00 1.000482e+00 1.197262e-01 
375 3751 0 0 0 4.278760e-01 -2.559637e-04 1.000325e+00 1.000111e+00 1.000147e+00 5.009775e-03 1.000028e+00 1.000480e+00 1.197300e-01 
376 3761 0 0 0 4.278666e-01 -2.268020e-04 1.000246e+00 1.000124e+00 1.000177e+00 4.995393e-03 1.000036e+00 1.000473e+00 1.197283e-01 
377 3771 0 0 0 4.278692e-01 -2.158345e-04 1.000176e+00 1.000130e+00 1.000057e+00 5.029867e-03 1.000035e+00 1.000485e+00 1.197276e-01 
378 3781 0 0 0 4.278559e-01 -2.219144e-04 1.000127e+00 1.000109e+00 9.999770e-01 5.033238e-03 1.000034e+00 1.000478e+00 1.197244e-01 
379 3791 0 0 0 4.278227e-01 -2.233701e-04 1.000171e+00 1.000057e+00 9.999976e-01 5.009896e-03 1.000024e+00 1.000463e+00 1.197217e-01 
380 3801 0 0 0 4.278525e-01 -2.355299e-04 1.000163e+00 1.000115e+00 1.000128e+00 5.032039e-03 1.000035e+00 1.000463e+00 1.197256e-01 
381 3811 0 0 0 4.278643e-01 -2.732567e-04 1.000231e+00 1.000075e+00 1.000164e+00 5.073520e-03 1.000013e+00 1.000449e+00 1.197244e-01 
382 3821 0 0 0 4.278693e-01 -2.565028e-04 1.000191e+00 1.000090e+00 1.000202e+00 5.115938e-03 1.000018e+00 1.000462e+00 1.197228e-01 
383 3831 0 0 0 4.278449e-01 -2.306265e-04 1.000186e+00 1.000062e+00 1.000247e+00 5.160933e-03 1.000030e+00 1.000434e+00 1.197194e-01 
384 3841 0 0 0 4.278278e-01 -2.100136e-04 1.000160e+00 1.000067e+00 1.000167e+00 5.143241e-03 1.000043e+00 1.000418e+00 1.197161e-01 
385 3851 0 0 0 4.278286e-01 -1.478536e-04 1.000104e+00 1.000058e+00 1.000215e+00 5.185333e-03 1.000049e+00 1.000405e+00 1.197127e-01 
386 3861 0 0 0 4.278476e-01 -1.114876e-04 1.000093e+00 1.000049e+00 1.000201e+00 5.258331e-03 1.000058e+00 1.000407e+00 1.197098e-01 
387 3871 0 0 0 4.278277e-01 -5.019812e-05 1.000059e+00 1.000024e+00 1.000273e+00 5.277143e-03 1.000063e+00 1.000395e+00 1.197059e-01 
388 3881 0 0 0 4.278431e-01 -6.717387e-05 1.000057e+00 1.000040e+00 1.000174e+00 5.187140e-03 1.000062e+00 1.000390e+00 1.197122e-01 
389 3891 0 0 0 4.278688e-01 -1.068022e-04 1.000116e+00 1.000085e+00 1.000134e+00 5.198237e-03 1.000052e+00 1.000415e+00 1.197151e-01 
390 3901 0 0 0 4.278677e-01 -4.780484e-05 1.000139e+00 1.000075e+00 1.000174e+00 5.261209e-03 1.000066e+00 1.000398e+00 1.197116e-01 
391 3911 0 0 0 4.278869e-01 -6.337902e-05 1.000182e+00 1.000083e+00 1.000132e+00 5.303544e-03 1.000065e+00 1.000397e+00 1.197112e-01 
392 3921 0 0 0 4.278764e-01 -6.629084e-05 1.000121e+00 1.000114e+00 1.000123e+00 5.286579e-03 1.000056e+00 1.000402e+00 1.197123e-01 
393 3931 0 0 0 4.279119e-01 -7.030763e-05 1.000101e+00 1.000130e+00 1.000112e+00 5.295333e-03 1.000048e+00 1.000416e+00 1.197157e-01 
394 3941 0 0 0 4.278985e-01 -2.149469e-05 1.000075e+00 1.000095e+00 1.000095e+00 5.274822e-03 1.000042e+00 1.000387e+00 1.197136e-01 
395 3951 0 0 0 4.279005e-01 -7.914813e-05 1.000111e+00 1.000103e+00 1.000046e+00 5.237134e-03 1.000026e+00 1.000396e+00 1.197162e-01 
396 3961 0 0 0 4.278851e-01 -4.868389e-05 1.000089e+00 1.000094e+00 1.000116e+00 5.225601e-03 1.000026e+00 1.000385e+00 1.197155e-01 
397 3971 0 0 0 4.279008e-01 -2.527722e-05 1.000060e+00 1.000100e+00 1.000029e+00 5.223908e-03 1.000014e+00 1.000380e+00 1.197156e-01 
398 3981 0 0 0 4.278971e-01 -3.931823e-05 1.000059e+00 1.000081e+00 1.000098e+00 5.191434e-03 1.000012e+00 1.000391e+00 1.197171e-01 
399 3991 0 0 0 4.279058e-01 -1.601767e-05 1.000067e+00 1.000065e+00 1.000097e+00 5.232893e-03 1.000018e+00 1.000371e+00 1.197141e-01 
400 4001 0 0 0 4.278954e-01 -6.816832e-06 1.000060e+00 1.000074e+00 1.000093e+00 5.189176e-03 1.000030e+00 1.000367e+00 1.197147e-01 
401 4011 0 0 0 4.279103e-01 -1.389027e-05 1.000064e+00 1.000107e+00 1.000089e+00 5.154010e-03 1.000028e+00 1.000373e+00 1.197171e-01 
402 4021 0 0 0 4.279164e-01 -6.152471e-05 1.000085e+00 1.000118e+00 1.000038e+00 5.082273e-03 1.000010e+00 1.000386e+00 1.197217e-01 
403 4031 0 0 0 4.278993e-01 -1.153632e-04 1.000122e+00 1.000143e+00 1.000110e+00 5.038450e-03 1.000007e+00 1.000409e+00 1.197223e-01 
404 4041 0 0 0 4.279009e-01 -1.481759e-04 1.000127e+00 1.000159e+00 1.000069e+00 4.976002e-03 9.999975e-01 1.000434e+00 1.197271e-01 
405 4051 0 0 0 4.279037e-01 -1.010279e-04 1.000097e+00 1.000122e+00 1.000008e+00 5.046092e-03 1.000016e+00 1.000416e+00 1.197239e-01 
406 4061 0 0 0 4.279054e-01 -9.896776e-05 1.000078e+00 1.000108e+00 1.000012e+00 5.066899e-03 1.000017e+00 1.000420e+00 1.197236e-01 
407 4071 0 0 0 4.278994e-01 -1.070602e-04 1.000060e+00 1.000128e+00 1.000055e+00 5.040972e-03 1.000018e+00 1.000421e+00 1.197216e-01 
408 4081 0 0 0 4.279224e-01 -1.147210e-04 1.000070e+00 1.000131e+00 1.000077e+00 5.034443e-03 1.000018e+00 1.000431e+00 1.197230e-01 
409 4091 0 0 0 4.279201e-01 -1.307147e-04 1.000087e+00 1.000131e+00 1.000061e+00 5.013139e-03 1.000001e+00 1.000431e+00 1.197241e-01 
410 4101 0 0 0 4.279015e-01 -9.401150e-05 1.000091e+00 1.000107e+00 1.000086e+00 5.054717e-03 1.000022e+00 1.000426e+00 1.197210e-01 
411 4111 0 0 0 4.279200e-01 -8.504936e-05 1.000082e+00 1.000088e+00 1.000080e+00 5.085060e-03 1.000019e+00 1.000419e+00 1.197220e-01 
412 4121 0 0 0 4.279026e-01 -5.070121e-05 1.000063e+00 1.000085e+00 1.000076e+00 5.090927e-03 1.000031e+00 1.000403e+00 1.197172e-01 
413 4131 0 0 0 4.278938e-01 -3.758492e-05 1.000077e+00 1.000071e+00 1.000047e+00 5.096622e-03 1.000040e+00 1.000406e+00 1.197172e-01 
414 4141 0 0 0 4.279071e-01 -2.729696e-05 1.000074e+00 1.000058e+00 1.000121e+00 5.123410e-03 1.000038e+00 1.000405e+00 1.197173e-01 
415 4151 0 0 0 4.279077e-01 -6.405096e-05 1.000103e+00 1.000068e+00 1.000134e+00 5.086526e-03 1.000032e+00 1.000411e+00 1.197178e-01 
416 4161 0 0 0 4.279094e-01 -5.303774e-05 1.000099e+00 1.000068e+00 1.000072e+00 5.045561e-03 1.000026e+00 1.000394e+00 1.197173e-01 
417 4171 0 0 0 4.279031e-01 -3.401851e-05 1.000074e+00 1.000086e+00 1.000060e+00 5.053545e-03 1.000032e+00 1.000395e+00 1.197153e-01 
418 4181 0 0 0 4.279169e-01 -5.179384e-05 1.000111e+00 1.000076e+00 1.000056e+00 5.023666e-03 1.000022e+00 1.000393e+00 1.197186e-01 
419 4191 0 0 0 4.279057e-01 -3.367781e-05 1.000109e+00 1.000058e+00 1.000038e+00 5.015434e-03 1.000025e+00 1.000388e+00 1.197186e-01 
420 4201 0 0 0 4.278972e-01 -6.058186e-05 1.000122e+00 1.000041e+00 1.000056e+00 4.990774e-03 1.000017e+00 1.000379e+00 1.197199e-01 
421 4211 0 0 0 4.279040e-01 -7.011984e-05 1.000107e+00 1.000067e+00 1.000041e+00 4.971448e-03 1.000018e+00 1.000385e+00 1.197216e-01 
422 4221 0 0 0 4.278978e-01 -7.035867e-05 1.000106e+00 1.000076e+00 1.000052e+00 4.980991e-03 1.000021e+00 1.000380e+00 1.197193e-01 
423 4231 0 0 0 4.278899e-01 -4.982784e-05 1.000112e+00 1.000075e+00 1.000057e+00 5.017027e-03 1.000029e+00 1.000368e+00 1.197143e-01 
424 4241 0 0 0 4.278862e-01 -5.591292e-05 1.000124e+00 1.000072e+00 1.000021e+00 5.022947e-03 1.000026e+00 1.000364e+00 1.197128e-01 
425 4251 0 0 0 4.278753e-01 -4.104406e-05 1.000110e+00 1.000055e+00 1.000073e+00 5.004973e-03 1.000028e+00 1.000341e+00 1.197125e-01 
426 4261 0 0 0 4.278669e-01 -5.095098e-05 1.000089e+00 1.000038e+00 9.999883e-01 4.973240e-03 1.000022e+00 1.000355e+00 1.197145e-01 
427 4271 0 0 0 4.278775e-01 -7.094502e-05 1.000125e+00 1.000054e+00 9.999943e-01 4.961758e-03 1.000006e+00 1.000350e+00 1.197163e-01 
428 4281 0 0 0 4.278958e-01 -5.898533e-05 1.000132e+00 1.000063e+00 1.000035e+00 4.998482e-03 1.000018e+00 1.000350e+00 1.197162e-01 
429 4291 0 0 0 4.278863e-01 -5.221384e-05 1.000127e+00 1.000072e+00 1.000075e+00 4.989404e-03 1.000024e+00 1.000346e+00 1.197156e-01 
430 4301 0 0 0 4.278837e-01 -6.390114e-05 1.000132e+00 1.000075e+00 1.000059e+00 4.986014e-03 1.000028e+00 1.000345e+00 1.197157e-01 
431 4311 0 0 0 4.278852e-01 -7.881369e-05 1.000135e+00 1.000068e+00 1.000029e+00 4.964083e-03 1.000017e+00 1.000369e+00 1.197186e-01 
432 4321 0 0 0 4.278785e-01 -8.274800e-05 1.000127e+00 1.000065e+00 1.000051e+00 4.975386e-03 1.000013e+00 1.000369e+00 1.197167e-01 
433 4331 0 0 0 4.278701e-01 -7.793181e-05 1.000110e+00 1.000060e+00 1.000035e+00 4.965699e-03 1.000008e+00 1.000375e+00 1.197162e-01 
434 4341 0 0 0 4.278617e-01 -7.605156e-05 1.000100e+00 1.000056e+00 1.000032e+00 4.967134e-03 1.000007e+00 1.000376e+00 1.197156e-01 
435 4351 0 0 0 4.278531e-01 -8.732808e-05 1.000114e+00 1.000066e+00 1.000045e+00 4.950181e-03 1.000007e+00 1.000379e+00 1.197155e-01 
436 4361 0 0 0 4.278403e-01 -1.172649e-04 1.000130e+00 1.000052e+00 1.000041e+00 4.925975e-03 1.000007e+00 1.000390e+00 1.197169e-01 
437 4371 0 0 0 4.278521e-01 -9.692643e-05 1.000137e+00 1.000056e+00 1.000039e+00 4.931951e-03 1.000012e+00 1.000391e+00 1.197169e-01 
438 4381 0 0 0 4.278558e-01 -1.016354e-04 1.000145e+00 1.000053e+00 1.000043e+00 4.947298e-03 1.000016e+00 1.000390e+00 1.197180e-01 
439 4391 0 0 0 4.278658e-01 -8.753239e-05 1.000146e+00 1.000065e+00 1.000011e+00 4.932051e-03 1.000025e+00 1.000370e+00 1.197166e-01 
440 4401 0 0 0 4.278521e-01 -1.040440e-04 1.000146e+00 1.000063e+00 1.000012e+00 4.902922e-03 1.000024e+00 1.000367e+00 1.197163e-01 
441 4411 0 0 0 4.278377e-01 -7.957288e-05 1.000135e+00 1.000048e+00 1.000055e+00 4.937592e-03 1.000030e+00 1.000368e+00 1.197140e-01 
442 4421 0 0 0 4.278379e-01 -5.984812e-05 1.000127e+00 1.000034e+00 1.000033e+00 4.952761e-03 1.000037e+00 1.000373e+00 1.197139e-01 
443 4431 0 0 0 4.278338e-01 -5.494835e-05 1.000135e+00 1.000024e+00 9.999995e-01 4.937945e-03 1.000038e+00 1.000374e+00 1.197124e-01 
444 4441 0 0 0 4.278396e-01 -4.198248e-05 1.000119e+00 1.000030e+00 1.000058e+00 4.980374e-03 1.000036e+00 1.000372e+00 1.197126e-01 
445 4451 0 0 0 4.278512e-01 -6.411265e-05 1.000119e+00 1.000031e+00 1.000033e+00 4.979543e-03 1.000026e+00 1.000390e+00 1.197142e-01 
446 4461 0 0 0 4.278528e-01 -6.306405e-05 1.000117e+00 1.000024e+00 1.000060e+00 4.999084e-03 1.000026e+00 1.000394e+00 1.197144e-01 
447 4471 0 0 0 4.278621e-01 -5.282995e-05 1.000099e+00 1.000033e+00 1.000017e+00 4.993191e-03 1.000021e+00 1.000394e+00 1.197155e-01 
448 4481 0 0 0 4.278534e-01 -5.433181e-05 1.000097e+00 1.000038e+00 1.000049e+00 4.980415e-03 1.000020e+00 1.000397e+00 1.197161e-01 
449 4491 0 0 0 4.278608e-01 -5.086835e-05 1.000103e+00 1.000032e+00 1.000052e+00 4.995784e-03 1.000023e+00 1.000386e+00 1.197164e-01 
450 4501 0 0 0 4.278686e-01 -5.574287e-05 1.000110e+00 1.000034e+00 1.000047e+00 5.005422e-03 1.000017e+00 1.000391e+00 1.197161e-01 
451 4511 0 0 0 4.278626e-01 -6.418056e-05 1.000126e+00 1.000041e+00 1.000047e+00 4.998732e-03 1.000020e+00 1.000389e+00 1.197161e-01 
452 4521 0 0 0 4.278616e-01 -7.320547e-05 1.000137e+00 1.000045e+00 1.000033e+00 4.984690e-03 1.000019e+00 1.000391e+00 1.197165e-01 
453 4531 0 0 0 4.278629e-01 -7.929660e-05 1.000139e+00 1.000041e+00 1.000037e+00 4.995449e-03 1.000021e+00 1.000397e+00 1.197167e-01 
454 4541 0 0 0 4.278632e-01 -7.101628e-05 1.000129e+00 1.000041e+00 1.000038e+00 4.993122e-03 1.000027e+00 1.000392e+00 1.197162e-01 
455 4551 0 0 0 4.278727e-01 -7.352435e-05 1.000134e+00 1.000049e+00 1.000062e+00 5.005304e-03 1.000025e+00 1.000382e+00 1.197161e-01 
456 4561 0 0 0 4.278736e-01 -7.021028e-05 1.000136e+00 1.000048e+00 1.000066e+00 5.010615e-03 1.000030e+00 1.000379e+00 1.197158e-01 
457 4571 0 0 0 4.278714e-01 -7.184423e-05 1.000142e+00 1.000043e+00 1.000054e+00 5.002026e-03 1.000033e+00 1.000383e+00 1.197163e-01 
458 4581 0 0 0 4.278739e-01 -6.677605e-05 1.000144e+00 1.000041e+00 1.000043e+00 4.994606e-03 1.000031e+00 1.000374e+00 1.197165e-01 
459 4591 0 0 0 4.278738e-01 -6.297708e-05 1.000150e+00 1.000033e+00 1.000020e+00 4.995606e-03 1.000032e+00 1.000372e+00 1.197160e-01 
460 4601 0 0 0 4.278780e-01 -6.281125e-05 1.000153e+00 1.000034e+00 1.000021e+00 4.998695e-03 1.000035e+00 1.000369e+00 1.197160e-01 
461 4611 0 0 0 4.278776e-01 -5.965252e-05 1.000163e+00 1.000028e+00 1.000020e+00 4.992361e-03 1.000032e+00 1.000356e+00 1.197161e-01 
462 4621 0 0 0 4.278774e-01 -6.619201e-05 1.000175e+00 1.000033e+00 1.000029e+00 4.987668e-03 1.000030e+00 1.000352e+00 1.197155e-01 
463 4631 0 0 0 4.278785e-01 -5.834735e-05 1.000166e+00 1.000029e+00 1.000050e+00 4.991360e-03 1.000031e+00 1.000341e+00 1.197154e-01 
464 4641 0 0 0 4.278780e-01 -4.962443e-05 1.000150e+00 1.000028e+00 1.000039e+00 4.986081e-03 1.000033e+00 1.000347e+00 1.197157e-01 
465 4651 0 0 0 4.278741e-01 -5.373731e-05 1.000150e+00 1.000020e+00 1.000068e+00 4.999446e-03 1.000028e+00 1.000349e+00 1.197162e-01 
466 4661 0 0 0 4.278682e-01 -6.136100e-05 1.000148e+00 1.000019e+00 1.000061e+00 4.993672e-03 1.000030e+00 1.000350e+00 1.197163e-01 
467 4671 0 0 0 4.278779e-01 -5.290290e-05 1.000144e+00 1.000027e+00 1.000054e+00 5.011306e-03 1.000032e+00 1.000349e+00 1.197160e-01 
468 4681 0 0 0 4.278824e-01 -4.490478e-05 1.000139e+00 1.000030e+00 1.000061e+00 5.006037e-03 1.000034e+00 1.000339e+00 1.197157e-01 
469 4691 0 0 0 4.278801e-01 -4.573240e-05 1.000144e+00 1.000032e+00 1.000058e+00 4.991614e-03 1.000034e+00 1.000340e+00 1.197162e-01 
470 4701 0 0 0 4.278791e-01 -4.242600e-05 1.000143e+00 1.000031e+00 1.000061e+00 4.994409e-03 1.000036e+00 1.000339e+00 1.197160e-01 
471 4711 0 0 0 4.278783e-01 -3.753944e-05 1.000150e+00 1.000023e+00 1.000052e+00 4.997271e-03 1.000039e+00 1.000333e+00 1.197160e-01 
472 4721 0 0 0 4.278744e-01 -4.496462e-05 1.000153e+00 1.000025e+00 1.000049e+00 4.997699e-03 1.000036e+00 1.000342e+00 1.197164e-01 
473 4731 0 0 0 4.278733e-01 -4.566711e-05 1.000156e+00 1.000019e+00 1.000042e+00 5.005114e-03 1.000031e+00 1.000340e+00 1.197163e-01 
474 4741 0 0 0 4.278712e-01 -3.033303e-05 1.000155e+00 1.000016e+00 1.000050e+00 5.009153e-03 1.000037e+00 1.000330e+00 1.197160e-01 
475 4751 0 0 0 4.278708e-01 -2.896683e-05 1.000159e+00 1.000017e+00 1.000054e+00 5.012562e-03 1.000036e+00 1.000322e+00 1.197161e-01 
476 4761 0 0 0 4.278711e-01 -2.818392e-05 1.000151e+00 1.000021e+00 1.000055e+00 5.004280e-03 1.000035e+00 1.000320e+00 1.197160e-01 
477 4771 0 0 0 4.278722e-01 -3.006288e-05 1.000134e+00 1.000017e+00 1.000063e+00 5.001328e-03 1.000030e+00 1.000331e+00 1.197162e-01 
478 4781 0 0 0 4.278752e-01 -3.169639e-05 1.000149e+00 1.000015e+00 1.000066e+00 5.013137e-03 1.000030e+00 1.000321e+00 1.197162e-01 
479 4791 0 0 0 4.278748e-01 -2.905888e-05 1.000143e+00 1.000021e+00 1.000073e+00 5.013178e-03 1.000032e+00 1.000316e+00 1.197164e-01 
480 4801 0 0 0 4.278753e-01 -2.798515e-05 1.000135e+00 1.000023e+00 1.000065e+00 5.017440e-03 1.000031e+00 1.000321e+00 1.197164e-01 
481 4811 0 0 0 4.278687e-01 -3.055277e-05 1.000127e+00 1.000014e+00 1.000080e+00 5.012190e-03 1.000031e+00 1.000327e+00 1.197166e-01 
482 4821 0 0 0 4.278684e-01 -2.474049e-05 1.000129e+00 1.000012e+00 1.000080e+00 5.012746e-03 1.000035e+00 1.000324e+00 1.197166e-01 
483 4831 0 0 0 4.278678e-01 -2.498209e-05 1.000139e+00 1.000007e+00 1.000051e+00 5.005489e-03 1.000035e+00 1.000317e+00 1.197164e-01 
484 4841 0 0 0 4.278693e-01 -2.566434e-05 1.000142e+00 1.000010e+00 1.000027e+00 4.992960e-03 1.000034e+00 1.000321e+00 1.197165e-01 
485 4851 0 0 0 4.278681e-01 -2.215405e-05 1.000148e+00 1.000010e+00 1.000026e+00 4.990869e-03 1.000039e+00 1.000319e+00 1.197167e-01 
486 4861 0 0 0 4.278613e-01 -2.570797e-05 1.000149e+00 1.000003e+00 1.000039e+00 4.999598e-03 1.000038e+00 1.000324e+00 1.197168e-01 
487 4871 0 0 0 4.278598e-01 -2.415499e-05 1.000143e+00 1.000005e+00 1.000039e+00 4.991046e-03 1.000041e+00 1.000325e+00 1.197168e-01 
488 4881 0 0 0 4.278646e-01 -1.661149e-05 1.000141e+00 1.000007e+00 1.000025e+00 4.987849e-03 1.000042e+00 1.000323e+00 1.197168e-01 
489 4891 0 0 0 4.278595e-01 -1.703521e-05 1.000144e+00 1.000008e+00 1.000023e+00 4.988326e-03 1.000040e+00 1.000329e+00 1.197168e-01 
490 4901 0 0 0 4.278559e-01 -1.573862e-05 1.000142e+00 1.000005e+00 1.000024e+00 4.988248e-03 1.000043e+00 1.000332e+00 1.197171e-01 
491 4911 0 0 0 4.278565e-01 -8.561077e-06 1.000142e+00 1.000007e+00 1.000029e+00 4.990095e-03 1.000049e+00 1.000324e+00 1.197171e-01 
492 4921 0 0 0 4.278544e-01 -3.697332e-06 1.000140e+00 1.000007e+00 1.000044e+00 4.995634e-03 1.000053e+00 1.000320e+00 1.197167e-01 
493 4931 0 0 0 4.278618e-01 -2.035958e-06 1.000134e+00 1.000016e+00 1.000039e+00 5.000019e-03 1.000053e+00 1.000317e+00 1.197166e-01 
494 4941 0 0 0 4.278598e-01 -2.678508e-06 1.000123e+00 1.000016e+00 1.000045e+00 5.003244e-03 1.000048e+00 1.000327e+00 1.197168e-01 
495 4951 0 0 0 4.278637e-01 -1.038198e-05 1.000126e+00 1.000026e+00 1.000040e+00 5.000341e-03 1.000045e+00 1.000332e+00 1.197167e-01 
496 4961 0 0 0 4.278607e-01 -1.101856e-05 1.000136e+00 1.000026e+00 1.000033e+00 4.992237e-03 1.000047e+00 1.000329e+00 1.197169e-01 
497 4971 0 0 0 4.278580e-01 -1.255411e-05 1.000142e+00 1.000019e+00 1.000026e+00 4.982365e-03 1.000043e+00 1.000328e+00 1.197171e-01 
498 4981 0 0 0 4.278564e-01 -1.729138e-05 1.000144e+00 1.000019e+00 1.000042e+00 4.983095e-03 1.000044e+00 1.000332e+00 1.197171e-01 
499 4991 0 0 0 4.278579e-01 -1.683006e-05 1.000149e+00 1.000019e+00 1.000025e+00 4.981680e-03 1.000039e+00 1.000329e+00 1.197169e-01 
500 5001 0 0 0 4.278569e-01 -2.243770e-05 1.000153e+00 1.000017e+00 1.000039e+00 4.975481e-03 1.000038e+00 1.000327e+00 1.197171e-01 
