79 791 6.294402e-02 1.650107e+00 3.218782e-01 3.218782e-01 3.917587e-01 4.779069e-01 5.144620e-01 5.684547e-01 6.239552e-01 7.554797e-01 9.591050e-01 1.650107e+00 
80 801 6.548126e-02 1.635227e+00 3.286309e-01 3.286309e-01 3.856095e-01 4.767903e-01 5.128391e-01 5.611677e-01 6.175220e-01 7.423044e-01 9.554978e-01 1.635227e+00 
81 811 6.110724e-02 1.629591e+00 3.232326e-01 3.232326e-01 3.791256e-01 4.692203e-01 5.048101e-01 5.653701e-01 6.140583e-01 7.277472e-01 9.520319e-01 1.629591e+00 
82 821 5.608944e-02 1.600621e+00 3.188168e-01 3.188168e-01 3.846440e-01 4.600731e-01 4.997224e-01 5.609019e-01 6.033191e-01 7.148546e-01 9.523514e-01 1.600621e+00 
83 831 5.293864e-02 1.605352e+00 3.129309e-01 3.129309e-01 3.847529e-01 4.541135e-01 4.953118e-01 5.627013e-01 6.078422e-01 7.057566e-01 9.505717e-01 1.605352e+00 
84 841 4.923197e-02 1.592768e+00 3.065428e-01 3.065428e-01 3.815331e-01 4.474421e-01 4.894138e-01 5.610006e-01 6.056812e-01 6.964012e-01 9.363969e-01 1.592768e+00 
85 851 4.672065e-02 1.575383e+00 3.002329e-01 3.002329e-01 3.797829e-01 4.410688e-01 4.817805e-01 5.580401e-01 6.084263e-01 7.048525e-01 9.266284e-01 1.575383e+00 
86 861 4.790704e-02 1.557071e+00 2.943922e-01 2.943922e-01 3.773378e-01 4.425124e-01 4.766739e-01 5.508978e-01 6.225615e-01 7.073504e-01 9.398627e-01 1.557071e+00 
87 871 4.268644e-02 1.540153e+00 2.888688e-01 2.888688e-01 3.731286e-01 4.399203e-01 4.679807e-01 5.407358e-01 6.149388e-01 7.010512e-01 9.279401e-01 1.540153e+00 
88 881 4.296211e-02 1.513234e+00 2.829332e-01 2.829332e-01 3.675154e-01 4.319795e-01 4.704086e-01 5.386061e-01 6.271636e-01 7.271494e-01 9.186080e-01 1.513234e+00 
89 891 4.153049e-02 1.484157e+00 2.802377e-01 2.802377e-01 3.619573e-01 4.311298e-01 4.631275e-01 5.293446e-01 6.215459e-01 7.562007e-01 9.224675e-01 1.484157e+00 
90 901 3.911511e-02 1.463174e+00 2.773845e-01 2.773845e-01 3.576206e-01 4.341747e-01 4.557202e-01 5.243912e-01 6.156007e-01 7.555158e-01 9.256815e-01 1.463174e+00 
91 911 3.467886e-02 1.444457e+00 2.721106e-01 2.721106e-01 3.516253e-01 4.270000e-01 4.524369e-01 5.174620e-01 6.080675e-01 7.429247e-01 9.149293e-01 1.444457e+00 
92 921 3.297487e-02 1.421448e+00 2.675877e-01 2.675877e-01 3.462938e-01 4.243479e-01 4.525284e-01 5.194759e-01 6.023434e-01 7.423194e-01 9.146989e-01 1.421448e+00 
93 931 3.451839e-02 1.433722e+00 2.624046e-01 2.624046e-01 3.401006e-01 4.198037e-01 4.539615e-01 5.134040e-01 5.935949e-01 7.383585e-01 9.906550e-01 1.433722e+00 
94 941 3.613732e-02 1.412469e+00 2.573046e-01 2.573046e-01 3.351149e-01 4.127598e-01 4.664602e-01 5.229718e-01 5.959256e-01 7.394802e-01 1.011148e+00 1.412469e+00 
95 951 3.379450e-02 1.411286e+00 2.532162e-01 2.532162e-01 3.310297e-01 4.059880e-01 4.596344e-01 5.193946e-01 5.889722e-01 7.291787e-01 1.003268e+00 1.411286e+00 
96 961 3.325066e-02 1.396801e+00 2.491778e-01 2.491778e-01 3.252963e-01 4.022131e-01 4.523840e-01 5.174598e-01 5.819767e-01 7.328436e-01 1.079114e+00 1.396801e+00 
97 971 3.235858e-02 1.375016e+00 2.459272e-01 2.459272e-01 3.237794e-01 3.967159e-01 4.528459e-01 5.099361e-01 5.796043e-01 7.420103e-01 1.080082e+00 1.375016e+00 
98 981 2.857410e-02 1.357407e+00 2.415917e-01 2.415917e-01 3.198286e-01 3.901776e-01 4.560250e-01 5.017839e-01 5.745986e-01 7.317455e-01 1.066581e+00 1.357407e+00 
99 991 2.748067e-02 1.368271e+00 2.370800e-01 2.370800e-01 3.199406e-01 3.888266e-01 4.540537e-01 4.955097e-01 5.685735e-01 7.323279e-01 1.073184e+00 1.368271e+00 
100 1001 2.559980e-02 1.352497e+00 2.330385e-01 2.330385e-01 3.236912e-01 3.827606e-01 4.487280e-01 4.909631e-01 5.622641e-01 7.348389e-01 1.067159e+00 1.352497e+00 
101 1011 2.612020e-02 1.348480e+00 2.292732e-01 2.292732e-01 3.201835e-01 3.819126e-01 4.743010e-01 4.876904e-01 5.630788e-01 7.251536e-01 1.061716e+00 1.348480e+00 
102 1021 2.606441e-02 1.334384e+00 2.259099e-01 2.259099e-01 3.184110e-01 3.747819e-01 4.681617e-01 5.009799e-01 5.522203e-01 7.158838e-01 1.053041e+00 1.334384e+00 
103 1031 2.608917e-02 1.323432e+00 2.219659e-01 2.219659e-01 3.148381e-01 3.726725e-01 4.827678e-01 4.985961e-01 5.428854e-01 7.373789e-01 1.039648e+00 1.323432e+00 
104 1041 2.805715e-02 1.309431e+00 2.202164e-01 2.202164e-01 3.266219e-01 3.660233e-01 4.903963e-01 4.936089e-01 5.338208e-01 7.771706e-01 1.020176e+00 1.309431e+00 
105 1051 3.001592e-02 1.287342e+00 2.164431e-01 2.164431e-01 3.259155e-01 3.667109e-01 4.817858e-01 4.949086e-01 5.402387e-01 8.276802e-01 1.008931e+00 1.287342e+00 
106 1061 2.764727e-02 1.270768e+00 2.150676e-01 2.150676e-01 3.207190e-01 3.653619e-01 4.746600e-01 4.878682e-01 5.323771e-01 8.231611e-01 1.004205e+00 1.270768e+00 
107 1071 2.688197e-02 1.251954e+00 2.117847e-01 2.117847e-01 3.176817e-01 3.660570e-01 4.667854e-01 4.847633e-01 5.306190e-01 8.182750e-01 1.018207e+00 1.251954e+00 
108 1081 2.647734e-02 1.231695e+00 2.084999e-01 2.084999e-01 3.161815e-01 3.643120e-01 4.586119e-01 4.767721e-01 5.223940e-01 8.365207e-01 1.005308e+00 1.231695e+00 
109 1091 2.600718e-02 1.208739e+00 2.045087e-01 2.045087e-01 3.221662e-01 3.584210e-01 4.663817e-01 4.824581e-01 5.163048e-01 8.371894e-01 9.941457e-01 1.208739e+00 
110 1101 2.360747e-02 1.202656e+00 2.005279e-01 2.005279e-01 3.186432e-01 3.545090e-01 4.592195e-01 4.857713e-01 5.161710e-01 8.228564e-01 9.739926e-01 1.202656e+00 
111 1111 2.049651e-02 1.188737e+00 1.971585e-01 1.971585e-01 3.135248e-01 3.567431e-01 4.508399e-01 4.765449e-01 5.197400e-01 8.083711e-01 9.580207e-01 1.188737e+00 
112 1121 1.821726e-02 1.168876e+00 1.944549e-01 1.944549e-01 3.110705e-01 3.523372e-01 4.430323e-01 4.751247e-01 5.153665e-01 7.927386e-01 9.453293e-01 1.168876e+00 
113 1131 1.691358e-02 1.148540e+00 1.905568e-01 1.905568e-01 3.063512e-01 3.557852e-01 4.364825e-01 4.777614e-01 5.108325e-01 7.875284e-01 9.341319e-01 1.148540e+00 
114 1141 1.684279e-02 1.128896e+00 1.914357e-01 1.914357e-01 3.016389e-01 3.555332e-01 4.374703e-01 4.691823e-01 5.116800e-01 8.022592e-01 9.199772e-01 1.128896e+00 
115 1151 1.490526e-02 1.107347e+00 1.881746e-01 1.881746e-01 2.969486e-01 3.511840e-01 4.344845e-01 4.653484e-01 5.162650e-01 7.987520e-01 9.092483e-01 1.107347e+00 
116 1161 1.497716e-02 1.102303e+00 1.846893e-01 1.846893e-01 2.916820e-01 3.464576e-01 4.296288e-01 4.617608e-01 5.146281e-01 8.234854e-01 9.191717e-01 1.102303e+00 
117 1171 1.406258e-02 1.082822e+00 1.811371e-01 1.811371e-01 2.878706e-01 3.462348e-01 4.255172e-01 4.579285e-01 5.097488e-01 8.145552e-01 9.087619e-01 1.082822e+00 
118 1181 1.362598e-02 1.063359e+00 1.778243e-01 1.778243e-01 2.969060e-01 3.426372e-01 4.190374e-01 4.514641e-01 5.012821e-01 8.201214e-01 9.061066e-01 1.063359e+00 
119 1191 1.367269e-02 1.080307e+00 1.743850e-01 1.743850e-01 2.952022e-01 3.362524e-01 4.176239e-01 4.511241e-01 5.018627e-01 8.233926e-01 8.916508e-01 1.080307e+00 
120 1201 1.433821e-02 1.072851e+00 1.730963e-01 1.730963e-01 2.954340e-01 3.317151e-01 4.138835e-01 4.453713e-01 4.966040e-01 8.322864e-01 8.958838e-01 1.072851e+00 
121 1211 1.554255e-02 1.103018e+00 1.713962e-01 1.713962e-01 2.947168e-01 3.266305e-01 4.087117e-01 4.633540e-01 5.001358e-01 8.197783e-01 9.146783e-01 1.103018e+00 
122 1221 1.675509e-02 1.114440e+00 1.679127e-01 1.679127e-01 2.924906e-01 3.201450e-01 4.041839e-01 4.722777e-01 5.078748e-01 8.217655e-01 9.007287e-01 1.114440e+00 
123 1231 1.649370e-02 1.111264e+00 1.654849e-01 1.654849e-01 2.873148e-01 3.144200e-01 4.062430e-01 4.666235e-01 5.063370e-01 8.441269e-01 8.972969e-01 1.111264e+00 
124 1241 1.563499e-02 1.107464e+00 1.627824e-01 1.627824e-01 2.824842e-01 3.093724e-01 4.068471e-01 4.612608e-01 5.082627e-01 8.427992e-01 9.046301e-01 1.107464e+00 
125 1251 1.572684e-02 1.128448e+00 1.596802e-01 1.596802e-01 2.767348e-01 3.134587e-01 3.997446e-01 4.568445e-01 5.052866e-01 8.318625e-01 9.213011e-01 1.128448e+00 
126 1261 1.710049e-02 1.190176e+00 1.566307e-01 1.566307e-01 2.722825e-01 3.120569e-01 3.997783e-01 4.517968e-01 4.967525e-01 8.218093e-01 9.283350e-01 1.190176e+00 
127 1271 1.781613e-02 1.223019e+00 1.555291e-01 1.555291e-01 2.691026e-01 3.094449e-01 3.980327e-01 4.456874e-01 4.907312e-01 8.222279e-01 9.283896e-01 1.223019e+00 
128 1281 1.776684e-02 1.227993e+00 1.524393e-01 1.524393e-01 2.651408e-01 3.086246e-01 3.907652e-01 4.435858e-01 5.053365e-01 8.088430e-01 9.167596e-01 1.227993e+00 
129 1291 1.721937e-02 1.253464e+00 1.518095e-01 1.518095e-01 2.615313e-01 3.126066e-01 3.842750e-01 4.348879e-01 5.110057e-01 7.938667e-01 9.038957e-01 1.253464e+00 
130 1301 1.791636e-02 1.322757e+00 1.493734e-01 1.493734e-01 2.566847e-01 3.087582e-01 3.834550e-01 4.278219e-01 5.129560e-01 7.895169e-01 8.867331e-01 1.322757e+00 
131 1311 1.809104e-02 1.361163e+00 1.482033e-01 1.482033e-01 2.539637e-01 3.095714e-01 3.794100e-01 4.216869e-01 5.037384e-01 7.804185e-01 8.793429e-01 1.361163e+00 
132 1321 1.944494e-02 1.408798e+00 1.470784e-01 1.470784e-01 2.531794e-01 3.062825e-01 3.742025e-01 4.320365e-01 5.014526e-01 7.665948e-01 8.720005e-01 1.408798e+00 
133 1331 2.057665e-02 1.434222e+00 1.459470e-01 1.459470e-01 2.506753e-01 3.102625e-01 3.835461e-01 4.308241e-01 4.944510e-01 7.681904e-01 8.560189e-01 1.434222e+00 
134 1341 1.871005e-02 1.421339e+00 1.431864e-01 1.431864e-01 2.471203e-01 3.088790e-01 3.798732e-01 4.268235e-01 4.869253e-01 7.598602e-01 8.496280e-01 1.421339e+00 
135 1351 1.903123e-02 1.399517e+00 1.403454e-01 1.403454e-01 2.440123e-01 3.052062e-01 3.724659e-01 4.292006e-01 4.817477e-01 8.113734e-01 8.610826e-01 1.399517e+00 
136 1361 1.889004e-02 1.380886e+00 1.377289e-01 1.377289e-01 2.400937e-01 3.014068e-01 3.654746e-01 4.262915e-01 4.752006e-01 8.098984e-01 8.744604e-01 1.380886e+00 
137 1371 1.759930e-02 1.366379e+00 1.349533e-01 1.349533e-01 2.384670e-01 2.969967e-01 3.613716e-01 4.219727e-01 4.784437e-01 8.011845e-01 8.732143e-01 1.366379e+00 
138 1381 1.649105e-02 1.346431e+00 1.324310e-01 1.324310e-01 2.353256e-01 2.938066e-01 3.665114e-01 4.137255e-01 4.802153e-01 7.893423e-01 8.852670e-01 1.346431e+00 
139 1391 1.556397e-02 1.326107e+00 1.341838e-01 1.341838e-01 2.326316e-01 2.883113e-01 3.619970e-01 4.070118e-01 4.766871e-01 7.857492e-01 8.878737e-01 1.326107e+00 
140 1401 1.500575e-02 1.325234e+00 1.330330e-01 1.330330e-01 2.322742e-01 2.879208e-01 3.600465e-01 4.010479e-01 4.707242e-01 7.777631e-01 8.960532e-01 1.325234e+00 
141 1411 1.682116e-02 1.339480e+00 1.317449e-01 1.317449e-01 2.278593e-01 2.841937e-01 3.598928e-01 4.074307e-01 4.761924e-01 7.664282e-01 9.985070e-01 1.339480e+00 
142 1421 1.854141e-02 1.335872e+00 1.293670e-01 1.293670e-01 2.281888e-01 2.801884e-01 3.582595e-01 4.099235e-01 4.688858e-01 7.516272e-01 1.069291e+00 1.335872e+00 
143 1431 1.927985e-02 1.355538e+00 1.279519e-01 1.279519e-01 2.279476e-01 2.752119e-01 3.533303e-01 4.051923e-01 4.905865e-01 7.446845e-01 1.077936e+00 1.355538e+00 
144 1441 1.959339e-02 1.356542e+00 1.257143e-01 1.257143e-01 2.245468e-01 2.726202e-01 3.492183e-01 4.071719e-01 4.863259e-01 7.332773e-01 1.110633e+00 1.356542e+00 
145 1451 1.972535e-02 1.393253e+00 1.242793e-01 1.242793e-01 2.211569e-01 2.675652e-01 3.441768e-01 4.045046e-01 4.833849e-01 7.252188e-01 1.103978e+00 1.393253e+00 
146 1461 1.986695e-02 1.441229e+00 1.240387e-01 1.240387e-01 2.177871e-01 2.708305e-01 3.455224e-01 4.004686e-01 4.791299e-01 7.127212e-01 1.085449e+00 1.441229e+00 
147 1471 1.772149e-02 1.425498e+00 1.215260e-01 1.215260e-01 2.145391e-01 2.677944e-01 3.417736e-01 4.052116e-01 4.728052e-01 6.994081e-01 1.074291e+00 1.425498e+00 
148 1481 1.868320e-02 1.478067e+00 1.193082e-01 1.193082e-01 2.166260e-01 2.632915e-01 3.585353e-01 4.022312e-01 4.647019e-01 6.912442e-01 1.059335e+00 1.478067e+00 
149 1491 2.125216e-02 1.575412e+00 1.174267e-01 1.174267e-01 2.161930e-01 2.594688e-01 3.568178e-01 4.079854e-01 4.674818e-01 6.870445e-01 1.045397e+00 1.575412e+00 
150 1501 2.242683e-02 1.581452e+00 1.151128e-01 1.151128e-01 2.147770e-01 2.555188e-01 3.508476e-01 4.123826e-01 4.628054e-01 6.740940e-01 1.062286e+00 1.581452e+00 
151 1511 2.420307e-02 1.645044e+00 1.127348e-01 1.127348e-01 2.114350e-01 2.624904e-01 3.506097e-01 4.080319e-01 4.594974e-01 6.621916e-01 1.049851e+00 1.645044e+00 
152 1521 2.602525e-02 1.656226e+00 1.103986e-01 1.103986e-01 2.078558e-01 2.699927e-01 3.556199e-01 4.018213e-01 4.662777e-01 6.489074e-01 1.033050e+00 1.656226e+00 
153 1531 2.874630e-02 1.631199e+00 1.093032e-01 1.093032e-01 2.061777e-01 2.696098e-01 3.621359e-01 3.985901e-01 4.710309e-01 6.394677e-01 1.057086e+00 1.631199e+00 
154 1541 2.862900e-02 1.620028e+00 1.083309e-01 1.083309e-01 2.038630e-01 2.653171e-01 3.575279e-01 4.073557e-01 4.635713e-01 6.284335e-01 1.044989e+00 1.620028e+00 
155 1551 2.926333e-02 1.592412e+00 1.066571e-01 1.066571e-01 2.024157e-01 2.630992e-01 3.532263e-01 4.279349e-01 4.640159e-01 6.259939e-01 1.028530e+00 1.592412e+00 
156 1561 2.805564e-02 1.586106e+00 1.052972e-01 1.052972e-01 1.989320e-01 2.634838e-01 3.477597e-01 4.286931e-01 4.622721e-01 6.163034e-01 1.023474e+00 1.586106e+00 
157 1571 2.873201e-02 1.580406e+00 1.050477e-01 1.050477e-01 1.962740e-01 2.603806e-01 3.419016e-01 4.371721e-01 4.713516e-01 6.073603e-01 1.008637e+00 1.580406e+00 
158 1581 2.564240e-02 1.574194e+00 1.033614e-01 1.033614e-01 1.927712e-01 2.561069e-01 3.385645e-01 4.311899e-01 4.691087e-01 6.093618e-01 9.969527e-01 1.574194e+00 
159 1591 2.385486e-02 1.553030e+00 1.013638e-01 1.013638e-01 1.914432e-01 2.555013e-01 3.408110e-01 4.262859e-01 4.668971e-01 6.018853e-01 9.993856e-01 1.553030e+00 
160 1601 2.323561e-02 1.529831e+00 9.989475e-02 9.989475e-02 1.897909e-01 2.569869e-01 3.430884e-01 4.216584e-01 4.597363e-01 5.988920e-01 9.797287e-01 1.529831e+00 
161 1611 2.299292e-02 1.504649e+00 9.795724e-02 9.795724e-02 1.908611e-01 2.535960e-01 3.454286e-01 4.233500e-01 4.601959e-01 5.989840e-01 9.723440e-01 1.504649e+00 
162 1621 2.375578e-02 1.489138e+00 9.628472e-02 9.628472e-02 1.926313e-01 2.520977e-01 3.411811e-01 4.184171e-01 4.776193e-01 5.901768e-01 9.556315e-01 1.489138e+00 
163 1631 2.158420e-02 1.464356e+00 9.445445e-02 9.445445e-02 1.922090e-01 2.486029e-01 3.372078e-01 4.123052e-01 4.856096e-01 5.959037e-01 9.501548e-01 1.464356e+00 
164 1641 1.981727e-02 1.438561e+00 9.273535e-02 9.273535e-02 1.905607e-01 2.445039e-01 3.325691e-01 4.056825e-01 4.800656e-01 5.966989e-01 9.373176e-01 1.438561e+00 
165 1651 1.903339e-02 1.433233e+00 9.209124e-02 9.209124e-02 1.886418e-01 2.407569e-01 3.290155e-01 4.010254e-01 4.772258e-01 5.951292e-01 9.372956e-01 1.433233e+00 
166 1661 1.717723e-02 1.412832e+00 9.052761e-02 9.052761e-02 1.858674e-01 2.409935e-01 3.222509e-01 3.952866e-01 4.741028e-01 6.011078e-01 9.332903e-01 1.412832e+00 
167 1671 1.639070e-02 1.394328e+00 9.013403e-02 9.013403e-02 1.834572e-01 2.459583e-01 3.173067e-01 3.883491e-01 4.682931e-01 5.973685e-01 9.334225e-01 1.394328e+00 
168 1681 1.573390e-02 1.380160e+00 8.883046e-02 8.883046e-02 1.849827e-01 2.446374e-01 3.147871e-01 3.921080e-01 4.641945e-01 5.874463e-01 9.178095e-01 1.380160e+00 
169 1691 1.556400e-02 1.358464e+00 8.897790e-02 8.897790e-02 1.842266e-01 2.446015e-01 3.139834e-01 3.945909e-01 4.564835e-01 5.827478e-01 9.067322e-01 1.358464e+00 
170 1701 1.504085e-02 1.334699e+00 8.812136e-02 8.812136e-02 1.877744e-01 2.399031e-01 3.105585e-01 3.904312e-01 4.544186e-01 5.792105e-01 8.976059e-01 1.334699e+00 
171 1711 1.477260e-02 1.309981e+00 8.952459e-02 8.952459e-02 1.907049e-01 2.369549e-01 3.062205e-01 3.875388e-01 4.485457e-01 5.724682e-01 8.842062e-01 1.309981e+00 
172 1721 1.518260e-02 1.284877e+00 8.819419e-02 8.819419e-02 1.942436e-01 2.354672e-01 3.003335e-01 3.896873e-01 4.563725e-01 5.623695e-01 8.741311e-01 1.284877e+00 
173 1731 1.482650e-02 1.262706e+00 8.707188e-02 8.707188e-02 1.936472e-01 2.352325e-01 2.955424e-01 3.860181e-01 4.591102e-01 5.598083e-01 8.652010e-01 1.262706e+00 
174 1741 1.328740e-02 1.241260e+00 8.571992e-02 8.571992e-02 1.907109e-01 2.366652e-01 2.902925e-01 3.808977e-01 4.560964e-01 5.502281e-01 8.584261e-01 1.241260e+00 
175 1751 1.212041e-02 1.226348e+00 8.399423e-02 8.399423e-02 1.882412e-01 2.341705e-01 2.867271e-01 3.782647e-01 4.507321e-01 5.511961e-01 8.520606e-01 1.226348e+00 
176 1761 1.141864e-02 1.205306e+00 8.271665e-02 8.271665e-02 1.900877e-01 2.303829e-01 2.828076e-01 3.715132e-01 4.448811e-01 5.413944e-01 8.608092e-01 1.205306e+00 
177 1771 1.036032e-02 1.181074e+00 8.152175e-02 8.152175e-02 1.890485e-01 2.303261e-01 2.827083e-01 3.720285e-01 4.380782e-01 5.306645e-01 8.502285e-01 1.181074e+00 
178 1781 9.315406e-03 1.158654e+00 7.995619e-02 7.995619e-02 1.862998e-01 2.288474e-01 2.794735e-01 3.713207e-01 4.379665e-01 5.279423e-01 8.346733e-01 1.158654e+00 
179 1791 8.386033e-03 1.136857e+00 7.913450e-02 7.913450e-02 1.830727e-01 2.309346e-01 2.748591e-01 3.674567e-01 4.347131e-01 5.200367e-01 8.225599e-01 1.136857e+00 
180 1801 7.852003e-03 1.117831e+00 7.769738e-02 7.769738e-02 1.797968e-01 2.290496e-01 2.787654e-01 3.603257e-01 4.324375e-01 5.241153e-01 8.201290e-01 1.117831e+00 
181 1811 7.330533e-03 1.100183e+00 7.646679e-02 7.646679e-02 1.770928e-01 2.272943e-01 2.821010e-01 3.536229e-01 4.275893e-01 5.177744e-01 8.079977e-01 1.100183e+00 
182 1821 6.759865e-03 1.082509e+00 7.577946e-02 7.577946e-02 1.781114e-01 2.233638e-01 2.785074e-01 3.487718e-01 4.234899e-01 5.119662e-01 7.950798e-01 1.082509e+00 
183 1831 6.141516e-03 1.069437e+00 7.478121e-02 7.478121e-02 1.764979e-01 2.244638e-01 2.760583e-01 3.438581e-01 4.178567e-01 5.049008e-01 7.837866e-01 1.069437e+00 
184 1841 6.448637e-03 1.055672e+00 7.358686e-02 7.358686e-02 1.764930e-01 2.278429e-01 2.824673e-01 3.390643e-01 4.215528e-01 5.180617e-01 7.927685e-01 1.055672e+00 
185 1851 6.233565e-03 1.036431e+00 7.283319e-02 7.283319e-02 1.741246e-01 2.250747e-01 2.803074e-01 3.341303e-01 4.193319e-01 5.257783e-01 7.862158e-01 1.036431e+00 
186 1861 5.832975e-03 1.021758e+00 7.281934e-02 7.281934e-02 1.715248e-01 2.226602e-01 2.796008e-01 3.291891e-01 4.167149e-01 5.204579e-01 7.785049e-01 1.021758e+00 
187 1871 5.388455e-03 1.003106e+00 7.303240e-02 7.303240e-02 1.710246e-01 2.233937e-01 2.747579e-01 3.315289e-01 4.116603e-01 5.131713e-01 7.767384e-01 1.003106e+00 
188 1881 5.438680e-03 9.883108e-01 7.291219e-02 7.291219e-02 1.750425e-01 2.199264e-01 2.708649e-01 3.317382e-01 4.140808e-01 5.121882e-01 7.639863e-01 9.883108e-01 
189 1891 4.873987e-03 9.694890e-01 7.188826e-02 7.188826e-02 1.747747e-01 2.157640e-01 2.698784e-01 3.282340e-01 4.087099e-01 5.139039e-01 7.522136e-01 9.694890e-01 
190 1901 4.429749e-03 9.494553e-01 7.093784e-02 7.093784e-02 1.749643e-01 2.137815e-01 2.651092e-01 3.234585e-01 4.013374e-01 5.079054e-01 7.418755e-01 9.494553e-01 
191 1911 3.991178e-03 9.314981e-01 7.009254e-02 7.009254e-02 1.738642e-01 2.137578e-01 2.602866e-01 3.198639e-01 3.950447e-01 4.990404e-01 7.328083e-01 9.314981e-01 
192 1921 3.861357e-03 9.193718e-01 6.930760e-02 6.930760e-02 1.744672e-01 2.111292e-01 2.590593e-01 3.262603e-01 3.873698e-01 4.897530e-01 7.222507e-01 9.193718e-01 
193 1931 4.064456e-03 9.088508e-01 6.825159e-02 6.825159e-02 1.753590e-01 2.084051e-01 2.584242e-01 3.484108e-01 3.812883e-01 4.884238e-01 7.151308e-01 9.088508e-01 
194 1941 3.946915e-03 8.942698e-01 6.708812e-02 6.708812e-02 1.732799e-01 2.075803e-01 2.588898e-01 3.462578e-01 3.749905e-01 4.994853e-01 7.084888e-01 8.942698e-01 
195 1951 3.581096e-03 8.772342e-01 6.602607e-02 6.602607e-02 1.709174e-01 2.044927e-01 2.542670e-01 3.458865e-01 3.713727e-01 4.959134e-01 7.011131e-01 8.772342e-01 
196 1961 3.040161e-03 8.631164e-01 6.473433e-02 6.473433e-02 1.679438e-01 2.018668e-01 2.492199e-01 3.421738e-01 3.665175e-01 4.894396e-01 6.940716e-01 8.631164e-01 
197 1971 2.901636e-03 8.641872e-01 6.387251e-02 6.387251e-02 1.675187e-01 1.988348e-01 2.465167e-01 3.450433e-01 3.608623e-01 4.870333e-01 6.892674e-01 8.641872e-01 
198 1981 2.579205e-03 8.554232e-01 6.394323e-02 6.394323e-02 1.650425e-01 1.953072e-01 2.415269e-01 3.420324e-01 3.572326e-01 4.863735e-01 6.811763e-01 8.554232e-01 
199 1991 2.296102e-03 8.438402e-01 6.322237e-02 6.322237e-02 1.625141e-01 1.940573e-01 2.383683e-01 3.387161e-01 3.518229e-01 4.791521e-01 6.728821e-01 8.438402e-01 
200 2001 2.211252e-03 8.317347e-01 6.289361e-02 6.289361e-02 1.620666e-01 1.931997e-01 2.365561e-01 3.356891e-01 3.549977e-01 4.727448e-01 6.650965e-01 8.317347e-01 
201 2011 2.122362e-03 8.185140e-01 6.209119e-02 6.209119e-02 1.602321e-01 1.912916e-01 2.342374e-01 3.327520e-01 3.529858e-01 4.683226e-01 6.754421e-01 8.185140e-01 
202 2021 1.986322e-03 8.033433e-01 6.099068e-02 6.099068e-02 1.576967e-01 1.899877e-01 2.328784e-01 3.301610e-01 3.492353e-01 4.601241e-01 6.734491e-01 8.033433e-01 
203 2031 1.949012e-03 7.891217e-01 6.014745e-02 6.014745e-02 1.568000e-01 1.992927e-01 2.297832e-01 3.279775e-01 3.480628e-01 4.656123e-01 6.666294e-01 7.891217e-01 
204 2041 1.839099e-03 7.770116e-01 6.169943e-02 6.169943e-02 1.565125e-01 1.956959e-01 2.267445e-01 3.223208e-01 3.436017e-01 4.638689e-01 6.588261e-01 7.770116e-01 
205 2051 1.783193e-03 7.709179e-01 6.127107e-02 6.127107e-02 1.545838e-01 1.927186e-01 2.250552e-01 3.308149e-01 3.413058e-01 4.580406e-01 6.475648e-01 7.709179e-01 
206 2061 1.744791e-03 7.614872e-01 6.151077e-02 6.151077e-02 1.573918e-01 1.967948e-01 2.277406e-01 3.262386e-01 3.399609e-01 4.600809e-01 6.387985e-01 7.614872e-01 
207 2071 1.704144e-03 7.532716e-01 6.043006e-02 6.043006e-02 1.550796e-01 1.977050e-01 2.247314e-01 3.285326e-01 3.426730e-01 4.601965e-01 6.370183e-01 7.532716e-01 
208 2081 1.695183e-03 7.427776e-01 5.952497e-02 5.952497e-02 1.645702e-01 1.941052e-01 2.241733e-01 3.259746e-01 3.429427e-01 4.637138e-01 6.267724e-01 7.427776e-01 
209 2091 1.745327e-03 7.332292e-01 5.881708e-02 5.881708e-02 1.651779e-01 1.904899e-01 2.335299e-01 3.231253e-01 3.466976e-01 4.608138e-01 6.171928e-01 7.332292e-01 
210 2101 1.683244e-03 7.203209e-01 5.795862e-02 5.795862e-02 1.626666e-01 1.887866e-01 2.331614e-01 3.178612e-01 3.464471e-01 4.547687e-01 6.065483e-01 7.203209e-01 
211 2111 1.724476e-03 7.087234e-01 5.685542e-02 5.685542e-02 1.605810e-01 1.894853e-01 2.430625e-01 3.178843e-01 3.467297e-01 4.503521e-01 5.955558e-01 7.087234e-01 
212 2121 1.655134e-03 6.971920e-01 5.640507e-02 5.640507e-02 1.581742e-01 1.862991e-01 2.481820e-01 3.152385e-01 3.421156e-01 4.449420e-01 5.919351e-01 6.971920e-01 
213 2131 1.664427e-03 6.846416e-01 5.581410e-02 5.581410e-02 1.617056e-01 1.845395e-01 2.509572e-01 3.143688e-01 3.415734e-01 4.494318e-01 5.838829e-01 6.846416e-01 
214 2141 1.707101e-03 6.756573e-01 5.490380e-02 5.490380e-02 1.625288e-01 1.861335e-01 2.523178e-01 3.091689e-01 3.418364e-01 4.576021e-01 5.748423e-01 6.756573e-01 
215 2151 1.715431e-03 6.623354e-01 5.500830e-02 5.500830e-02 1.617661e-01 1.834225e-01 2.492455e-01 3.168467e-01 3.383661e-01 4.549064e-01 5.701664e-01 6.623354e-01 
216 2161 1.692097e-03 6.562787e-01 5.452626e-02 5.452626e-02 1.594415e-01 1.824337e-01 2.465601e-01 3.195517e-01 3.354444e-01 4.618558e-01 5.594135e-01 6.562787e-01 
217 2171 1.761686e-03 6.467689e-01 5.392408e-02 5.392408e-02 1.569709e-01 1.799578e-01 2.446229e-01 3.248456e-01 3.405733e-01 4.649725e-01 5.479009e-01 6.467689e-01 
218 2181 1.739891e-03 6.334076e-01 5.456566e-02 5.456566e-02 1.549193e-01 1.767546e-01 2.480103e-01 3.232464e-01 3.389671e-01 4.597446e-01 5.394934e-01 6.334076e-01 
219 2191 1.761346e-03 6.237258e-01 5.377109e-02 5.377109e-02 1.531301e-01 1.764330e-01 2.482100e-01 3.174603e-01 3.371361e-01 4.811937e-01 5.308583e-01 6.237258e-01 
220 2201 1.661908e-03 6.109379e-01 5.300439e-02 5.300439e-02 1.505624e-01 1.753129e-01 2.437159e-01 3.164700e-01 3.312318e-01 4.909307e-01 5.212701e-01 6.109379e-01 
221 2211 1.587209e-03 5.994257e-01 5.241485e-02 5.241485e-02 1.498220e-01 1.721924e-01 2.394827e-01 3.127358e-01 3.295833e-01 4.971330e-01 5.121780e-01 5.994257e-01 
222 2221 1.691535e-03 5.980578e-01 5.438714e-02 5.438714e-02 1.475033e-01 1.697280e-01 2.396721e-01 3.208115e-01 3.274660e-01 4.991749e-01 5.208481e-01 5.980578e-01 
223 2231 1.727342e-03 5.888721e-01 5.479483e-02 5.479483e-02 1.453823e-01 1.670730e-01 2.419006e-01 3.205388e-01 3.219894e-01 4.907698e-01 5.272772e-01 5.888721e-01 
224 2241 1.811604e-03 5.774325e-01 5.478388e-02 5.478388e-02 1.464780e-01 1.651999e-01 2.394120e-01 3.179987e-01 3.306936e-01 4.824877e-01 5.488906e-01 5.774325e-01 
225 2251 1.823994e-03 5.868367e-01 5.419314e-02 5.419314e-02 1.449981e-01 1.629191e-01 2.351657e-01 3.118015e-01 3.247428e-01 4.739203e-01 5.656095e-01 5.868367e-01 
226 2261 1.831454e-03 5.998792e-01 5.331031e-02 5.331031e-02 1.421419e-01 1.624489e-01 2.323064e-01 3.079595e-01 3.249366e-01 4.658547e-01 5.577310e-01 5.998792e-01 
227 2271 1.908848e-03 6.134053e-01 5.436032e-02 5.436032e-02 1.414341e-01 1.627437e-01 2.281402e-01 3.031617e-01 3.240089e-01 4.598610e-01 5.490662e-01 6.134053e-01 
228 2281 2.114753e-03 6.789026e-01 5.359444e-02 5.359444e-02 1.397061e-01 1.610151e-01 2.266680e-01 2.981245e-01 3.254333e-01 4.518241e-01 5.381681e-01 6.789026e-01 
229 2291 2.142262e-03 6.946504e-01 5.388610e-02 5.388610e-02 1.381438e-01 1.595340e-01 2.236491e-01 2.961537e-01 3.206568e-01 4.468944e-01 5.297909e-01 6.946504e-01 
230 2301 2.178723e-03 6.928716e-01 5.299821e-02 5.299821e-02 1.354388e-01 1.652566e-01 2.218208e-01 2.907499e-01 3.152014e-01 4.382453e-01 5.306712e-01 6.928716e-01 
231 2311 2.412737e-03 6.990104e-01 5.252593e-02 5.252593e-02 1.380055e-01 1.653657e-01 2.249874e-01 2.891718e-01 3.251566e-01 4.359243e-01 5.236826e-01 6.990104e-01 
232 2321 2.743897e-03 7.258818e-01 5.165448e-02 5.165448e-02 1.391672e-01 1.633032e-01 2.273730e-01 2.887307e-01 3.220607e-01 4.443422e-01 5.179389e-01 7.258818e-01 
233 2331 3.108212e-03 7.820355e-01 5.084707e-02 5.084707e-02 1.374577e-01 1.629130e-01 2.299038e-01 2.841886e-01 3.193953e-01 4.383416e-01 5.093445e-01 7.820355e-01 
234 2341 3.800931e-03 8.197101e-01 5.016444e-02 5.016444e-02 1.356056e-01 1.616526e-01 2.340456e-01 2.881347e-01 3.167057e-01 4.355947e-01 5.030004e-01 8.197101e-01 
235 2351 4.328002e-03 8.422565e-01 4.938507e-02 4.938507e-02 1.340879e-01 1.591250e-01 2.313710e-01 2.853757e-01 3.124302e-01 4.286222e-01 4.929793e-01 8.422565e-01 
236 2361 5.464775e-03 8.757528e-01 4.908060e-02 4.908060e-02 1.339118e-01 1.604997e-01 2.286133e-01 2.818465e-01 3.087884e-01 4.243438e-01 4.878748e-01 8.757528e-01 
237 2371 5.831144e-03 8.710542e-01 4.858402e-02 4.858402e-02 1.362841e-01 1.578147e-01 2.242945e-01 2.768423e-01 3.029626e-01 4.177145e-01 4.797636e-01 8.710542e-01 
238 2381 6.816329e-03 8.706168e-01 4.802429e-02 4.802429e-02 1.346645e-01 1.600574e-01 2.251364e-01 2.750778e-01 3.018119e-01 4.125939e-01 4.761118e-01 8.706168e-01 
239 2391 7.595049e-03 8.802974e-01 4.720642e-02 4.720642e-02 1.331920e-01 1.575969e-01 2.207816e-01 2.725464e-01 2.968682e-01 4.263689e-01 4.677895e-01 8.802974e-01 
240 2401 7.966422e-03 9.139704e-01 4.628694e-02 4.628694e-02 1.314451e-01 1.581998e-01 2.170630e-01 2.676021e-01 2.913307e-01 4.221016e-01 4.594054e-01 9.139704e-01 
241 2411 7.739211e-03 9.077391e-01 4.550277e-02 4.550277e-02 1.319205e-01 1.558262e-01 2.135714e-01 2.712691e-01 2.860152e-01 4.148623e-01 4.500635e-01 9.077391e-01 
242 2421 8.079860e-03 9.612207e-01 4.559547e-02 4.559547e-02 1.301354e-01 1.531520e-01 2.105519e-01 2.683470e-01 2.844481e-01 4.080544e-01 4.460003e-01 9.612207e-01 
243 2431 9.000414e-03 1.027261e+00 4.515546e-02 4.515546e-02 1.279532e-01 1.509637e-01 2.083624e-01 2.658454e-01 2.899147e-01 3.998147e-01 4.394032e-01 1.027261e+00 
244 2441 9.803460e-03 1.121666e+00 4.427375e-02 4.427375e-02 1.256888e-01 1.502929e-01 2.060207e-01 2.615454e-01 2.854420e-01 3.937766e-01 4.345883e-01 1.121666e+00 
245 2451 9.954369e-03 1.129473e+00 4.355449e-02 4.355449e-02 1.236750e-01 1.536832e-01 2.056336e-01 2.566309e-01 2.812263e-01 3.883712e-01 4.286481e-01 1.129473e+00 
246 2461 9.365499e-03 1.115058e+00 4.266352e-02 4.266352e-02 1.217209e-01 1.515710e-01 2.054141e-01 2.589339e-01 2.766332e-01 3.834976e-01 4.232740e-01 1.115058e+00 
247 2471 8.750915e-03 1.095356e+00 4.226633e-02 4.226633e-02 1.211029e-01 1.486185e-01 2.040628e-01 2.578637e-01 2.734203e-01 3.815889e-01 4.178302e-01 1.095356e+00 
248 2481 8.787117e-03 1.103429e+00 4.142609e-02 4.142609e-02 1.268790e-01 1.456092e-01 2.042779e-01 2.545515e-01 2.687112e-01 3.810325e-01 4.125270e-01 1.103429e+00 
249 2491 9.073440e-03 1.146422e+00 4.139465e-02 4.139465e-02 1.284571e-01 1.436860e-01 2.022482e-01 2.497749e-01 2.727086e-01 3.767083e-01 4.064315e-01 1.146422e+00 
250 2501 8.818608e-03 1.147289e+00 4.099759e-02 4.099759e-02 1.288361e-01 1.421023e-01 2.005780e-01 2.454073e-01 2.704012e-01 3.737184e-01 4.003228e-01 1.147289e+00 
251 2511 8.882892e-03 1.167398e+00 4.036672e-02 4.036672e-02 1.288048e-01 1.432454e-01 1.980939e-01 2.420800e-01 2.652662e-01 3.676874e-01 3.938288e-01 1.167398e+00 
252 2521 9.185792e-03 1.211116e+00 4.039550e-02 4.039550e-02 1.282049e-01 1.501690e-01 1.949580e-01 2.373818e-01 2.668692e-01 3.673998e-01 3.877693e-01 1.211116e+00 
253 2531 9.764125e-03 1.211159e+00 3.973346e-02 3.973346e-02 1.274609e-01 1.562146e-01 1.932331e-01 2.365640e-01 2.627684e-01 3.690009e-01 3.945002e-01 1.211159e+00 
254 2541 9.752983e-03 1.256208e+00 3.932800e-02 3.932800e-02 1.251724e-01 1.545281e-01 1.932218e-01 2.337865e-01 2.589478e-01 3.664130e-01 3.929692e-01 1.256208e+00 
255 2551 1.045523e-02 1.302597e+00 3.884004e-02 3.884004e-02 1.263650e-01 1.542769e-01 1.966113e-01 2.292536e-01 2.601478e-01 3.593713e-01 3.870701e-01 1.302597e+00 
256 2561 1.115912e-02 1.354267e+00 3.844772e-02 3.844772e-02 1.240754e-01 1.519326e-01 2.012393e-01 2.261337e-01 2.561544e-01 3.569408e-01 3.879914e-01 1.354267e+00 
257 2571 1.133199e-02 1.396611e+00 3.773954e-02 3.773954e-02 1.238867e-01 1.578326e-01 1.996401e-01 2.223127e-01 2.628486e-01 3.573133e-01 3.859448e-01 1.396611e+00 
258 2581 1.257958e-02 1.536137e+00 3.707329e-02 3.707329e-02 1.215001e-01 1.575184e-01 1.970798e-01 2.212623e-01 2.594113e-01 3.592148e-01 3.860576e-01 1.536137e+00 
259 2591 1.444545e-02 1.728530e+00 3.667761e-02 3.667761e-02 1.191387e-01 1.604470e-01 1.933418e-01 2.197364e-01 2.563462e-01 3.536671e-01 3.804386e-01 1.728530e+00 
260 2601 1.568106e-02 1.760377e+00 3.606491e-02 3.606491e-02 1.175160e-01 1.647878e-01 1.906193e-01 2.220214e-01 2.518207e-01 3.481500e-01 3.773017e-01 1.760377e+00 
261 2611 1.512175e-02 1.773053e+00 3.547796e-02 3.547796e-02 1.161968e-01 1.626738e-01 1.870913e-01 2.192795e-01 2.470468e-01 3.425730e-01 3.718844e-01 1.773053e+00 
262 2621 1.348780e-02 1.757557e+00 3.494451e-02 3.494451e-02 1.148435e-01 1.604807e-01 1.844983e-01 2.162475e-01 2.447261e-01 3.377267e-01 3.676572e-01 1.757557e+00 
263 2631 1.367339e-02 1.894310e+00 3.430660e-02 3.430660e-02 1.137933e-01 1.599211e-01 1.831278e-01 2.156851e-01 2.413493e-01 3.317961e-01 3.685159e-01 1.894310e+00 
264 2641 1.395043e-02 1.873856e+00 3.400279e-02 3.400279e-02 1.118656e-01 1.591300e-01 1.816327e-01 2.143936e-01 2.452413e-01 3.410068e-01 3.650124e-01 1.873856e+00 
265 2651 1.480833e-02 1.863963e+00 3.376598e-02 3.376598e-02 1.111047e-01 1.613554e-01 1.787452e-01 2.116045e-01 2.513958e-01 3.461456e-01 3.599250e-01 1.863963e+00 
266 2661 1.398315e-02 1.864661e+00 3.316072e-02 3.316072e-02 1.102752e-01 1.602637e-01 1.766577e-01 2.094976e-01 2.496195e-01 3.435624e-01 3.537351e-01 1.864661e+00 
267 2671 1.304480e-02 1.838168e+00 3.295944e-02 3.295944e-02 1.090717e-01 1.575036e-01 1.756408e-01 2.092942e-01 2.521976e-01 3.418843e-01 3.502541e-01 1.838168e+00 
268 2681 1.218801e-02 1.814231e+00 3.241661e-02 3.241661e-02 1.108236e-01 1.547203e-01 1.730256e-01 2.065719e-01 2.481044e-01 3.405943e-01 3.443224e-01 1.814231e+00 
269 2691 1.123673e-02 1.781725e+00 3.178604e-02 3.178604e-02 1.090289e-01 1.525174e-01 1.700236e-01 2.049686e-01 2.448993e-01 3.355949e-01 3.517285e-01 1.781725e+00 
270 2701 1.092461e-02 1.751426e+00 3.136749e-02 3.136749e-02 1.088442e-01 1.540183e-01 1.685874e-01 2.069869e-01 2.405107e-01 3.291861e-01 3.507167e-01 1.751426e+00 
271 2711 1.065371e-02 1.734259e+00 3.086414e-02 3.086414e-02 1.081909e-01 1.525833e-01 1.658098e-01 2.097326e-01 2.378076e-01 3.261702e-01 3.516761e-01 1.734259e+00 
272 2721 1.082084e-02 1.834765e+00 3.030632e-02 3.030632e-02 1.068381e-01 1.525750e-01 1.635649e-01 2.074052e-01 2.348871e-01 3.226464e-01 3.507695e-01 1.834765e+00 
273 2731 1.068705e-02 1.878714e+00 2.995912e-02 2.995912e-02 1.050272e-01 1.528721e-01 1.623857e-01 2.053309e-01 2.351376e-01 3.165451e-01 3.488009e-01 1.878714e+00 
274 2741 1.172880e-02 2.046404e+00 2.963581e-02 2.963581e-02 1.034945e-01 1.523585e-01 1.602659e-01 2.064101e-01 2.307114e-01 3.135108e-01 3.417789e-01 2.046404e+00 
275 2751 1.244992e-02 2.114804e+00 3.040136e-02 3.040136e-02 1.020655e-01 1.496477e-01 1.585080e-01 2.074506e-01 2.291694e-01 3.100099e-01 3.349192e-01 2.114804e+00 
276 2761 1.297843e-02 2.154135e+00 3.019543e-02 3.019543e-02 1.010680e-01 1.472718e-01 1.571841e-01 2.059942e-01 2.267850e-01 3.045307e-01 3.331319e-01 2.154135e+00 
277 2771 1.425112e-02 2.286817e+00 3.025636e-02 3.025636e-02 1.025803e-01 1.449619e-01 1.569070e-01 2.045713e-01 2.240057e-01 3.093444e-01 3.280447e-01 2.286817e+00 
278 2781 1.500763e-02 2.404701e+00 2.977735e-02 2.977735e-02 1.012586e-01 1.437819e-01 1.566782e-01 2.016089e-01 2.227266e-01 3.052728e-01 3.257334e-01 2.404701e+00 
279 2791 1.472603e-02 2.431518e+00 2.937462e-02 2.937462e-02 9.952410e-02 1.417275e-01 1.541517e-01 2.089260e-01 2.208400e-01 2.997704e-01 3.197440e-01 2.431518e+00 
280 2801 1.615950e-02 2.544638e+00 2.897436e-02 2.897436e-02 9.756086e-02 1.436841e-01 1.558763e-01 2.060029e-01 2.187802e-01 2.977789e-01 3.243439e-01 2.544638e+00 
281 2811 1.653825e-02 2.578585e+00 2.867272e-02 2.867272e-02 9.972594e-02 1.412804e-01 1.535677e-01 2.065192e-01 2.154865e-01 2.975659e-01 3.209457e-01 2.578585e+00 
282 2821 1.718153e-02 2.592782e+00 2.834610e-02 2.834610e-02 9.931339e-02 1.403548e-01 1.507684e-01 2.068029e-01 2.239486e-01 2.967481e-01 3.198264e-01 2.592782e+00 
283 2831 1.736507e-02 2.559505e+00 2.824600e-02 2.824600e-02 1.005451e-01 1.378732e-01 1.506331e-01 2.052820e-01 2.226352e-01 2.924035e-01 3.157151e-01 2.559505e+00 
284 2841 1.673993e-02 2.536064e+00 2.772388e-02 2.772388e-02 1.018301e-01 1.377079e-01 1.538540e-01 2.039540e-01 2.192212e-01 2.888297e-01 3.122729e-01 2.536064e+00 
285 2851 1.597026e-02 2.494476e+00 2.749672e-02 2.749672e-02 1.001921e-01 1.364092e-01 1.526305e-01 2.086291e-01 2.179195e-01 2.862146e-01 3.069328e-01 2.494476e+00 
286 2861 1.452074e-02 2.458852e+00 2.708061e-02 2.708061e-02 9.878464e-02 1.347862e-01 1.532029e-01 2.056970e-01 2.148017e-01 2.854535e-01 3.055280e-01 2.458852e+00 
287 2871 1.323792e-02 2.415397e+00 2.661259e-02 2.661259e-02 9.696941e-02 1.328150e-01 1.555012e-01 2.021795e-01 2.148451e-01 2.835376e-01 3.036330e-01 2.415397e+00 
288 2881 1.132468e-02 2.376484e+00 2.625486e-02 2.625486e-02 9.681180e-02 1.313759e-01 1.552870e-01 1.989490e-01 2.114478e-01 2.783251e-01 2.990136e-01 2.376484e+00 
289 2891 1.016315e-02 2.329543e+00 2.599997e-02 2.599997e-02 9.601250e-02 1.302680e-01 1.553577e-01 1.980214e-01 2.111156e-01 2.743997e-01 2.950646e-01 2.329543e+00 
290 2901 1.006555e-02 2.294465e+00 2.556674e-02 2.556674e-02 1.001694e-01 1.296441e-01 1.554046e-01 1.962979e-01 2.089420e-01 2.695071e-01 2.922040e-01 2.294465e+00 
291 2911 1.060127e-02 2.266371e+00 2.520341e-02 2.520341e-02 9.942366e-02 1.283957e-01 1.589778e-01 1.976519e-01 2.051167e-01 2.731368e-01 2.929152e-01 2.266371e+00 
292 2921 1.208041e-02 2.239958e+00 2.475806e-02 2.475806e-02 1.021921e-01 1.277556e-01 1.580206e-01 1.967810e-01 2.121293e-01 2.751349e-01 3.124716e-01 2.239958e+00 
293 2931 1.369451e-02 2.197057e+00 2.453800e-02 2.453800e-02 1.021811e-01 1.262373e-01 1.556532e-01 1.997366e-01 2.187344e-01 2.705101e-01 3.249856e-01 2.197057e+00 
294 2941 1.387869e-02 2.154696e+00 2.426467e-02 2.426467e-02 1.011991e-01 1.263818e-01 1.546714e-01 1.966743e-01 2.219627e-01 2.670582e-01 3.286596e-01 2.154696e+00 
295 2951 1.270114e-02 2.117958e+00 2.377317e-02 2.377317e-02 1.004866e-01 1.244369e-01 1.521357e-01 1.940226e-01 2.210392e-01 2.633227e-01 3.247056e-01 2.117958e+00 
296 2961 1.144647e-02 2.079314e+00 2.330098e-02 2.330098e-02 1.003245e-01 1.234352e-01 1.504296e-01 1.903888e-01 2.209570e-01 2.622095e-01 3.199739e-01 2.079314e+00 
297 2971 1.098638e-02 2.042875e+00 2.294378e-02 2.294378e-02 9.989392e-02 1.227316e-01 1.508496e-01 1.912752e-01 2.177539e-01 2.657512e-01 3.171570e-01 2.042875e+00 
298 2981 1.020674e-02 2.007504e+00 2.253115e-02 2.253115e-02 9.847235e-02 1.231484e-01 1.492824e-01 1.888396e-01 2.135649e-01 2.658223e-01 3.142782e-01 2.007504e+00 
299 2991 9.457284e-03 1.974064e+00 2.250488e-02 2.250488e-02 9.702212e-02 1.240612e-01 1.466318e-01 1.857089e-01 2.125930e-01 2.615129e-01 3.142268e-01 1.974064e+00 
300 3001 8.861942e-03 1.937597e+00 2.213867e-02 2.213867e-02 9.706293e-02 1.237876e-01 1.447653e-01 1.820694e-01 2.091270e-01 2.617036e-01 3.120023e-01 1.937597e+00 
301 3011 8.184300e-03 1.905138e+00 2.170304e-02 2.170304e-02 9.526523e-02 1.238752e-01 1.427683e-01 1.814498e-01 2.068922e-01 2.618719e-01 3.064847e-01 1.905138e+00 
302 3021 8.106924e-03 1.876859e+00 2.159706e-02 2.159706e-02 9.404298e-02 1.229276e-01 1.428369e-01 1.802248e-01 2.087897e-01 2.575803e-01 3.035331e-01 1.876859e+00 
303 3031 8.372336e-03 1.854493e+00 2.119793e-02 2.119793e-02 9.238748e-02 1.210235e-01 1.443309e-01 1.777327e-01 2.058032e-01 2.634348e-01 3.092158e-01 1.854493e+00 
304 3041 8.202504e-03 1.822905e+00 2.081271e-02 2.081271e-02 9.401491e-02 1.202067e-01 1.428187e-01 1.760121e-01 2.028066e-01 2.621471e-01 3.065129e-01 1.822905e+00 
305 3051 7.755413e-03 1.796219e+00 2.069459e-02 2.069459e-02 9.267021e-02 1.180570e-01 1.422263e-01 1.729608e-01 2.021963e-01 2.645396e-01 3.026284e-01 1.796219e+00 
306 3061 6.909428e-03 1.760887e+00 2.033744e-02 2.033744e-02 9.102675e-02 1.188813e-01 1.404653e-01 1.769024e-01 2.006260e-01 2.615767e-01 3.010411e-01 1.760887e+00 
307 3071 6.703505e-03 1.727211e+00 2.099630e-02 2.099630e-02 9.085495e-02 1.172305e-01 1.398070e-01 1.760137e-01 1.972626e-01 2.607352e-01 2.983889e-01 1.727211e+00 
308 3081 5.884807e-03 1.693627e+00 2.066937e-02 2.066937e-02 8.955613e-02 1.152770e-01 1.370693e-01 1.771886e-01 1.935781e-01 2.587016e-01 2.953973e-01 1.693627e+00 
309 3091 5.520143e-03 1.662058e+00 2.039789e-02 2.039789e-02 8.915540e-02 1.133588e-01 1.370707e-01 1.742624e-01 1.917598e-01 2.557269e-01 2.953517e-01 1.662058e+00 
310 3101 5.285674e-03 1.629651e+00 2.029623e-02 2.029623e-02 8.804212e-02 1.114122e-01 1.375338e-01 1.743533e-01 1.886653e-01 2.526204e-01 2.946494e-01 1.629651e+00 
311 3111 5.134420e-03 1.596111e+00 2.018026e-02 2.018026e-02 8.652214e-02 1.102671e-01 1.362613e-01 1.728389e-01 1.856202e-01 2.486448e-01 2.997871e-01 1.596111e+00 
312 3121 4.719016e-03 1.565548e+00 1.983079e-02 1.983079e-02 8.730067e-02 1.096237e-01 1.338285e-01 1.732278e-01 1.837920e-01 2.461988e-01 2.969024e-01 1.565548e+00 
313 3131 4.662438e-03 1.544669e+00 1.957872e-02 1.957872e-02 8.647558e-02 1.089108e-01 1.318571e-01 1.714136e-01 1.901122e-01 2.490145e-01 2.952823e-01 1.544669e+00 
314 3141 4.338502e-03 1.515308e+00 1.922962e-02 1.922962e-02 8.510658e-02 1.076158e-01 1.294791e-01 1.684085e-01 1.926678e-01 2.454570e-01 2.906041e-01 1.515308e+00 
315 3151 4.070259e-03 1.490824e+00 1.898208e-02 1.898208e-02 8.520466e-02 1.075565e-01 1.285910e-01 1.653592e-01 1.916213e-01 2.409649e-01 2.881656e-01 1.490824e+00 
316 3161 4.044218e-03 1.463823e+00 1.870432e-02 1.870432e-02 8.355385e-02 1.070880e-01 1.262919e-01 1.761508e-01 1.892140e-01 2.409198e-01 2.876696e-01 1.463823e+00 
317 3171 4.078666e-03 1.435145e+00 1.856268e-02 1.856268e-02 8.233155e-02 1.128166e-01 1.263829e-01 1.773784e-01 1.886681e-01 2.383587e-01 2.827606e-01 1.435145e+00 
318 3181 3.727787e-03 1.414264e+00 1.837794e-02 1.837794e-02 8.194724e-02 1.116277e-01 1.263083e-01 1.775905e-01 1.854666e-01 2.431106e-01 2.815934e-01 1.414264e+00 
319 3191 3.267035e-03 1.398602e+00 1.803660e-02 1.803660e-02 8.088210e-02 1.094587e-01 1.246167e-01 1.759609e-01 1.835268e-01 2.392815e-01 2.797329e-01 1.398602e+00 
320 3201 2.886989e-03 1.370068e+00 1.783282e-02 1.783282e-02 7.944337e-02 1.089716e-01 1.236421e-01 1.727400e-01 1.813255e-01 2.350112e-01 2.753849e-01 1.370068e+00 
321 3211 2.620947e-03 1.350119e+00 1.757643e-02 1.757643e-02 7.942698e-02 1.085534e-01 1.233620e-01 1.717914e-01 1.781097e-01 2.364032e-01 2.721675e-01 1.350119e+00 
322 3221 2.493446e-03 1.328952e+00 1.733381e-02 1.733381e-02 8.088396e-02 1.078759e-01 1.228999e-01 1.699792e-01 1.747671e-01 2.331621e-01 2.725483e-01 1.328952e+00 
323 3231 2.438210e-03 1.304044e+00 1.712777e-02 1.712777e-02 8.039072e-02 1.064679e-01 1.217664e-01 1.718458e-01 1.760135e-01 2.294199e-01 2.717509e-01 1.304044e+00 
324 3241 2.420565e-03 1.280987e+00 1.705200e-02 1.705200e-02 7.967325e-02 1.057780e-01 1.229551e-01 1.734413e-01 1.759919e-01 2.278274e-01 2.719641e-01 1.280987e+00 
325 3251 2.423448e-03 1.255297e+00 1.694513e-02 1.694513e-02 8.098298e-02 1.055394e-01 1.223062e-01 1.724349e-01 1.779699e-01 2.241014e-01 2.684023e-01 1.255297e+00 
326 3261 2.297311e-03 1.233371e+00 1.692104e-02 1.692104e-02 8.062659e-02 1.058953e-01 1.246343e-01 1.702304e-01 1.772634e-01 2.246239e-01 2.665748e-01 1.233371e+00 
327 3271 2.295853e-03 1.209637e+00 1.681786e-02 1.681786e-02 8.235185e-02 1.042715e-01 1.231944e-01 1.679606e-01 1.741074e-01 2.219740e-01 2.744256e-01 1.209637e+00 
328 3281 2.459237e-03 1.186856e+00 1.711354e-02 1.711354e-02 8.103872e-02 1.112483e-01 1.246595e-01 1.653185e-01 1.716653e-01 2.231231e-01 2.732108e-01 1.186856e+00 
329 3291 2.433922e-03 1.164036e+00 1.692703e-02 1.692703e-02 8.149722e-02 1.116952e-01 1.244897e-01 1.650369e-01 1.695444e-01 2.194233e-01 2.729873e-01 1.164036e+00 
330 3301 2.376046e-03 1.139901e+00 1.658517e-02 1.658517e-02 8.031575e-02 1.116569e-01 1.260648e-01 1.623803e-01 1.671207e-01 2.201734e-01 2.749891e-01 1.139901e+00 
331 3311 2.258882e-03 1.120918e+00 1.630946e-02 1.630946e-02 7.894186e-02 1.108379e-01 1.277923e-01 1.602737e-01 1.676061e-01 2.167757e-01 2.697923e-01 1.120918e+00 
332 3321 2.027400e-03 1.102741e+00 1.605871e-02 1.605871e-02 7.760329e-02 1.104682e-01 1.257265e-01 1.576607e-01 1.666657e-01 2.129684e-01 2.702980e-01 1.102741e+00 
333 3331 1.861126e-03 1.081810e+00 1.578756e-02 1.578756e-02 7.728557e-02 1.092078e-01 1.243300e-01 1.564709e-01 1.659167e-01 2.119554e-01 2.705069e-01 1.081810e+00 
334 3341 1.742318e-03 1.062931e+00 1.588742e-02 1.588742e-02 7.662865e-02 1.073630e-01 1.229023e-01 1.562812e-01 1.671756e-01 2.089095e-01 2.717861e-01 1.062931e+00 
335 3351 1.582329e-03 1.042348e+00 1.605593e-02 1.605593e-02 7.532807e-02 1.062804e-01 1.212446e-01 1.571000e-01 1.651815e-01 2.053861e-01 2.678967e-01 1.042348e+00 
336 3361 1.548269e-03 1.021888e+00 1.579191e-02 1.579191e-02 7.409276e-02 1.050234e-01 1.213531e-01 1.549165e-01 1.666316e-01 2.055352e-01 2.704281e-01 1.021888e+00 
337 3371 1.397169e-03 1.005089e+00 1.552042e-02 1.552042e-02 7.404758e-02 1.049019e-01 1.195688e-01 1.525589e-01 1.642526e-01 2.028470e-01 2.692197e-01 1.005089e+00 
338 3381 1.176586e-03 9.842988e-01 1.533152e-02 1.533152e-02 7.442518e-02 1.034859e-01 1.185937e-01 1.518835e-01 1.615777e-01 2.014687e-01 2.649978e-01 9.842988e-01 
339 3391 1.108235e-03 9.656789e-01 1.520779e-02 1.520779e-02 7.414062e-02 1.029373e-01 1.181736e-01 1.498006e-01 1.588372e-01 1.981460e-01 2.651097e-01 9.656789e-01 
340 3401 1.099235e-03 9.458219e-01 1.500915e-02 1.500915e-02 7.303353e-02 1.012431e-01 1.164396e-01 1.482742e-01 1.594541e-01 1.954055e-01 2.827233e-01 9.458219e-01 
341 3411 1.085932e-03 9.296015e-01 1.476556e-02 1.476556e-02 7.263353e-02 9.986745e-02 1.151396e-01 1.459809e-01 1.569621e-01 1.931092e-01 2.917098e-01 9.296015e-01 
342 3421 1.101915e-03 9.173059e-01 1.499974e-02 1.499974e-02 7.134411e-02 9.928582e-02 1.134594e-01 1.460058e-01 1.561556e-01 1.897040e-01 2.996998e-01 9.173059e-01 
343 3431 1.216662e-03 9.096122e-01 1.481048e-02 1.481048e-02 7.001295e-02 1.056793e-01 1.119331e-01 1.440943e-01 1.675243e-01 1.874377e-01 2.986025e-01 9.096122e-01 
344 3441 1.259970e-03 8.925051e-01 1.460790e-02 1.460790e-02 7.254438e-02 1.062368e-01 1.102295e-01 1.439393e-01 1.675823e-01 1.903377e-01 2.934848e-01 8.925051e-01 
345 3451 1.171216e-03 8.760908e-01 1.443131e-02 1.443131e-02 7.202824e-02 1.050643e-01 1.109822e-01 1.430543e-01 1.651044e-01 1.879789e-01 2.889874e-01 8.760908e-01 
346 3461 1.107173e-03 8.578668e-01 1.431103e-02 1.431103e-02 7.226417e-02 1.041463e-01 1.104871e-01 1.455353e-01 1.645895e-01 1.868803e-01 2.857981e-01 8.578668e-01 
347 3471 1.072518e-03 8.407734e-01 1.408728e-02 1.408728e-02 7.205034e-02 1.029824e-01 1.105783e-01 1.434800e-01 1.624414e-01 1.854524e-01 2.829581e-01 8.407734e-01 
348 3481 1.090884e-03 8.250976e-01 1.397049e-02 1.397049e-02 7.126750e-02 1.051191e-01 1.095034e-01 1.430350e-01 1.600893e-01 1.859326e-01 2.846464e-01 8.250976e-01 
349 3491 1.180017e-03 8.083870e-01 1.384357e-02 1.384357e-02 7.048674e-02 1.038202e-01 1.118524e-01 1.494866e-01 1.578387e-01 1.892888e-01 2.824421e-01 8.083870e-01 
350 3501 1.195239e-03 7.931172e-01 1.367802e-02 1.367802e-02 7.124843e-02 1.073491e-01 1.101247e-01 1.493218e-01 1.577428e-01 1.876654e-01 2.812280e-01 7.931172e-01 
351 3511 1.145003e-03 7.784253e-01 1.384906e-02 1.384906e-02 7.045057e-02 1.063414e-01 1.086539e-01 1.488310e-01 1.621314e-01 1.882611e-01 2.760417e-01 7.784253e-01 
352 3521 1.145287e-03 7.645902e-01 1.375923e-02 1.375923e-02 7.226323e-02 1.054113e-01 1.086065e-01 1.468486e-01 1.591901e-01 1.890814e-01 2.731753e-01 7.645902e-01 
353 3531 1.045449e-03 7.500824e-01 1.356198e-02 1.356198e-02 7.158062e-02 1.044351e-01 1.072341e-01 1.448180e-01 1.586239e-01 1.868308e-01 2.711032e-01 7.500824e-01 
354 3541 9.340697e-04 7.354289e-01 1.341514e-02 1.341514e-02 7.070975e-02 1.029562e-01 1.062758e-01 1.442988e-01 1.564379e-01 1.842053e-01 2.654747e-01 7.354289e-01 
355 3551 9.421714e-04 7.211613e-01 1.350439e-02 1.350439e-02 7.005659e-02 1.014025e-01 1.090122e-01 1.486733e-01 1.548579e-01 1.830308e-01 2.624603e-01 7.211613e-01 
356 3561 1.015491e-03 7.066999e-01 1.325521e-02 1.325521e-02 6.903054e-02 1.022705e-01 1.160381e-01 1.469306e-01 1.592874e-01 1.827127e-01 2.630045e-01 7.066999e-01 
357 3571 9.099125e-04 6.936823e-01 1.315393e-02 1.315393e-02 6.794113e-02 1.010599e-01 1.152278e-01 1.441195e-01 1.577031e-01 1.803315e-01 2.609249e-01 6.936823e-01 
358 3581 8.346297e-04 6.822154e-01 1.329036e-02 1.329036e-02 6.692862e-02 1.013431e-01 1.138163e-01 1.420555e-01 1.545818e-01 1.790353e-01 2.585441e-01 6.822154e-01 
359 3591 7.780943e-04 6.706645e-01 1.313547e-02 1.313547e-02 6.612188e-02 1.016594e-01 1.116693e-01 1.412012e-01 1.566561e-01 1.781163e-01 2.564451e-01 6.706645e-01 
360 3601 6.955769e-04 6.584107e-01 1.318787e-02 1.318787e-02 6.614154e-02 1.006007e-01 1.102766e-01 1.403005e-01 1.543377e-01 1.745923e-01 2.519315e-01 6.584107e-01 
361 3611 6.821958e-04 6.496407e-01 1.296500e-02 1.296500e-02 6.611467e-02 9.859464e-02 1.142074e-01 1.383225e-01 1.514259e-01 1.772942e-01 2.523769e-01 6.496407e-01 
362 3621 6.803237e-04 6.368326e-01 1.306210e-02 1.306210e-02 6.597169e-02 9.768785e-02 1.132311e-01 1.363639e-01 1.616775e-01 1.746480e-01 2.510167e-01 6.368326e-01 
363 3631 6.523916e-04 6.242768e-01 1.294927e-02 1.294927e-02 6.486324e-02 9.584453e-02 1.122964e-01 1.353456e-01 1.641494e-01 1.743657e-01 2.503032e-01 6.242768e-01 
364 3641 6.607590e-04 6.150039e-01 1.271624e-02 1.271624e-02 6.421174e-02 9.618837e-02 1.136286e-01 1.330712e-01 1.682255e-01 1.731279e-01 2.488387e-01 6.150039e-01 
365 3651 7.155461e-04 6.039968e-01 1.264167e-02 1.264167e-02 6.316457e-02 9.461104e-02 1.122822e-01 1.305592e-01 1.700311e-01 1.908547e-01 2.474781e-01 6.039968e-01 
366 3661 7.097437e-04 5.921242e-01 1.244007e-02 1.244007e-02 6.199869e-02 9.292994e-02 1.119241e-01 1.286109e-01 1.685139e-01 1.941359e-01 2.462266e-01 5.921242e-01 
367 3671 6.868391e-04 5.806159e-01 1.237074e-02 1.237074e-02 6.219934e-02 9.326485e-02 1.126371e-01 1.270724e-01 1.657355e-01 1.937575e-01 2.438275e-01 5.806159e-01 
368 3681 6.509693e-04 5.749025e-01 1.230230e-02 1.230230e-02 6.132035e-02 9.175583e-02 1.112960e-01 1.245109e-01 1.633591e-01 1.967242e-01 2.413086e-01 5.749025e-01 
369 3691 6.234537e-04 5.725397e-01 1.213255e-02 1.213255e-02 6.238493e-02 9.031475e-02 1.114158e-01 1.224194e-01 1.611154e-01 1.998340e-01 2.374805e-01 5.725397e-01 
370 3701 5.660261e-04 5.639054e-01 1.204104e-02 1.204104e-02 6.228955e-02 8.963513e-02 1.099504e-01 1.203490e-01 1.616282e-01 1.998596e-01 2.416807e-01 5.639054e-01 
371 3711 5.079870e-04 5.559767e-01 1.189221e-02 1.189221e-02 6.262288e-02 8.817073e-02 1.091370e-01 1.191460e-01 1.592896e-01 1.974823e-01 2.384911e-01 5.559767e-01 
372 3721 4.813454e-04 5.460354e-01 1.209611e-02 1.209611e-02 6.226883e-02 8.738137e-02 1.097058e-01 1.217309e-01 1.575775e-01 1.947356e-01 2.368565e-01 5.460354e-01 
373 3731 4.901243e-04 5.372547e-01 1.232432e-02 1.232432e-02 6.234341e-02 8.613459e-02 1.086144e-01 1.206522e-01 1.556668e-01 1.958631e-01 2.384597e-01 5.372547e-01 
374 3741 5.042993e-04 5.290428e-01 1.220310e-02 1.220310e-02 6.152404e-02 8.553182e-02 1.078054e-01 1.191953e-01 1.601015e-01 1.978497e-01 2.422318e-01 5.290428e-01 
375 3751 4.757298e-04 5.225646e-01 1.202890e-02 1.202890e-02 6.184933e-02 8.514042e-02 1.072684e-01 1.173302e-01 1.585620e-01 1.953326e-01 2.481801e-01 5.225646e-01 
376 3761 4.164027e-04 5.140421e-01 1.184026e-02 1.184026e-02 6.110842e-02 8.508120e-02 1.066401e-01 1.149674e-01 1.554657e-01 1.954801e-01 2.465337e-01 5.140421e-01 
377 3771 3.859770e-04 5.075858e-01 1.162787e-02 1.162787e-02 6.042782e-02 8.427352e-02 1.048551e-01 1.136248e-01 1.533528e-01 1.963144e-01 2.435559e-01 5.075858e-01 
378 3781 3.792560e-04 5.044230e-01 1.153233e-02 1.153233e-02 5.943396e-02 8.655083e-02 1.029689e-01 1.160328e-01 1.508886e-01 1.954307e-01 2.431876e-01 5.044230e-01 
379 3791 3.635696e-04 4.959747e-01 1.129709e-02 1.129709e-02 5.843717e-02 8.612558e-02 1.019790e-01 1.161063e-01 1.540996e-01 1.939627e-01 2.387990e-01 4.959747e-01 
380 3801 3.196219e-04 4.918312e-01 1.122224e-02 1.122224e-02 5.744240e-02 8.533804e-02 1.013942e-01 1.144857e-01 1.559848e-01 1.936790e-01 2.342603e-01 4.918312e-01 
381 3811 3.106798e-04 4.850884e-01 1.105911e-02 1.105911e-02 5.651065e-02 8.377081e-02 1.005725e-01 1.157317e-01 1.529332e-01 2.002789e-01 2.317800e-01 4.850884e-01 
382 3821 2.873486e-04 4.879679e-01 1.090006e-02 1.090006e-02 5.559336e-02 8.287210e-02 9.922878e-02 1.144755e-01 1.516269e-01 1.976948e-01 2.322862e-01 4.879679e-01 
383 3831 2.821877e-04 4.865828e-01 1.089285e-02 1.089285e-02 5.468277e-02 8.365519e-02 9.779165e-02 1.130799e-01 1.512397e-01 1.969037e-01 2.353909e-01 4.865828e-01 
384 3841 2.817558e-04 4.822004e-01 1.072844e-02 1.072844e-02 5.431655e-02 8.600473e-02 9.675857e-02 1.111588e-01 1.493444e-01 1.941795e-01 2.361942e-01 4.822004e-01 
385 3851 2.977015e-04 4.779503e-01 1.060588e-02 1.060588e-02 5.490518e-02 8.616102e-02 9.611906e-02 1.097955e-01 1.487613e-01 1.943398e-01 2.487705e-01 4.779503e-01 
386 3861 3.131335e-04 4.743396e-01 1.052020e-02 1.052020e-02 5.404270e-02 8.652590e-02 9.520513e-02 1.087093e-01 1.470824e-01 1.910969e-01 2.690426e-01 4.743396e-01 
387 3871 3.372323e-04 4.784738e-01 1.042161e-02 1.042161e-02 5.315642e-02 8.490710e-02 9.399300e-02 1.072790e-01 1.470616e-01 1.888148e-01 2.829377e-01 4.784738e-01 
388 3881 3.274933e-04 4.728555e-01 1.028802e-02 1.028802e-02 5.283960e-02 8.448993e-02 9.317950e-02 1.054085e-01 1.448114e-01 1.899529e-01 2.843318e-01 4.728555e-01 
389 3891 3.072373e-04 4.692683e-01 1.009060e-02 1.009060e-02 5.254293e-02 8.508292e-02 9.383981e-02 1.073246e-01 1.477910e-01 1.894849e-01 2.798970e-01 4.692683e-01 
390 3901 3.175256e-04 4.645713e-01 9.909888e-03 9.909888e-03 5.168713e-02 8.360720e-02 9.197274e-02 1.142789e-01 1.458940e-01 1.886350e-01 2.797277e-01 4.645713e-01 
391 3911 3.315072e-04 4.557452e-01 9.745428e-03 9.745428e-03 5.131081e-02 8.210193e-02 9.125739e-02 1.159524e-01 1.443635e-01 1.954049e-01 2.757834e-01 4.557452e-01 
392 3921 3.187903e-04 4.513375e-01 9.673726e-03 9.673726e-03 5.176841e-02 8.105965e-02 8.979125e-02 1.145127e-01 1.456590e-01 1.938135e-01 2.719608e-01 4.513375e-01 
393 3931 3.110052e-04 4.429061e-01 9.537104e-03 9.537104e-03 5.111130e-02 8.151050e-02 9.076101e-02 1.134109e-01 1.489038e-01 1.926617e-01 2.704821e-01 4.429061e-01 
394 3941 2.936669e-04 4.350791e-01 9.480656e-03 9.480656e-03 5.024444e-02 8.065920e-02 9.049054e-02 1.126116e-01 1.485196e-01 1.936078e-01 2.704968e-01 4.350791e-01 
395 3951 2.684828e-04 4.325748e-01 9.320748e-03 9.320748e-03 4.957070e-02 7.976947e-02 8.998882e-02 1.106657e-01 1.476669e-01 1.903056e-01 2.680906e-01 4.325748e-01 
396 3961 2.434415e-04 4.264939e-01 9.185328e-03 9.185328e-03 4.886092e-02 7.847520e-02 8.839996e-02 1.087562e-01 1.464202e-01 1.896282e-01 2.638874e-01 4.264939e-01 
397 3971 2.419061e-04 4.253635e-01 9.065089e-03 9.065089e-03 4.883063e-02 7.799445e-02 8.927365e-02 1.102948e-01 1.441646e-01 1.904421e-01 2.606686e-01 4.253635e-01 
398 3981 2.295226e-04 4.226897e-01 8.994828e-03 8.994828e-03 4.816556e-02 7.804008e-02 8.899445e-02 1.089354e-01 1.423739e-01 1.922739e-01 2.574619e-01 4.226897e-01 
399 3991 2.183184e-04 4.156147e-01 8.909290e-03 8.909290e-03 4.788463e-02 7.676355e-02 8.920749e-02 1.071118e-01 1.413909e-01 1.899769e-01 2.552834e-01 4.156147e-01 
400 4001 2.138543e-04 4.099046e-01 8.807783e-03 8.807783e-03 4.869935e-02 7.564529e-02 8.842598e-02 1.067980e-01 1.399371e-01 1.916010e-01 2.508260e-01 4.099046e-01 
401 4011 2.178504e-04 4.077513e-01 8.937095e-03 8.937095e-03 4.813304e-02 7.433694e-02 8.678936e-02 1.100489e-01 1.399919e-01 1.914583e-01 2.514901e-01 4.077513e-01 
402 4021 2.287016e-04 4.092439e-01 8.822871e-03 8.822871e-03 4.830069e-02 7.331349e-02 8.610293e-02 1.087008e-01 1.382110e-01 1.890526e-01 2.688010e-01 4.092439e-01 
403 4031 2.592846e-04 4.047402e-01 8.976872e-03 8.976872e-03 4.814443e-02 7.185712e-02 8.704225e-02 1.094557e-01 1.370475e-01 1.897591e-01 3.050667e-01 4.047402e-01 
404 4041 2.867548e-04 4.020737e-01 8.835153e-03 8.835153e-03 4.807793e-02 7.115630e-02 8.625031e-02 1.100974e-01 1.355525e-01 1.869084e-01 3.297543e-01 4.020737e-01 
405 4051 2.579919e-04 3.994887e-01 8.696216e-03 8.696216e-03 4.809583e-02 7.007052e-02 8.505848e-02 1.091113e-01 1.335340e-01 1.852148e-01 3.293213e-01 3.994887e-01 
406 4061 2.325747e-04 3.931265e-01 8.652634e-03 8.652634e-03 4.751345e-02 7.087499e-02 8.371044e-02 1.113721e-01 1.313449e-01 1.819392e-01 3.230915e-01 3.931265e-01 
407 4071 2.229326e-04 3.879953e-01 8.815801e-03 8.815801e-03 4.669235e-02 7.065572e-02 8.219868e-02 1.104488e-01 1.308305e-01 1.905295e-01 3.206215e-01 3.879953e-01 
408 4081 2.301644e-04 3.814949e-01 9.035467e-03 9.035467e-03 4.681906e-02 7.118342e-02 8.353643e-02 1.095566e-01 1.297171e-01 1.871493e-01 3.171096e-01 3.814949e-01 
409 4091 2.158079e-04 3.768862e-01 9.065321e-03 9.065321e-03 4.665766e-02 7.085961e-02 8.333844e-02 1.081924e-01 1.284246e-01 1.834258e-01 3.178921e-01 3.768862e-01 
410 4101 1.996701e-04 3.737047e-01 9.050781e-03 9.050781e-03 4.587613e-02 7.155794e-02 8.352205e-02 1.065704e-01 1.278827e-01 1.800592e-01 3.134323e-01 3.737047e-01 
411 4111 1.882594e-04 3.674884e-01 8.954286e-03 8.954286e-03 4.631558e-02 7.090741e-02 8.536597e-02 1.050482e-01 1.259096e-01 1.784171e-01 3.169286e-01 3.674884e-01 
412 4121 1.843922e-04 3.648700e-01 9.064099e-03 9.064099e-03 4.607662e-02 6.999792e-02 8.603391e-02 1.042911e-01 1.248626e-01 1.786408e-01 3.170446e-01 3.648700e-01 
413 4131 1.854172e-04 3.586461e-01 8.978675e-03 8.978675e-03 4.553748e-02 7.038043e-02 8.581512e-02 1.031576e-01 1.281538e-01 1.756427e-01 3.184774e-01 3.586461e-01 
414 4141 1.820458e-04 3.682728e-01 8.877636e-03 8.877636e-03 4.505607e-02 7.038210e-02 8.673142e-02 1.015947e-01 1.269271e-01 1.730984e-01 3.140944e-01 3.682728e-01 
415 4151 1.794741e-04 3.642605e-01 9.096896e-03 9.096896e-03 4.453335e-02 6.938328e-02 8.615988e-02 1.000994e-01 1.274518e-01 1.709225e-01 3.153950e-01 3.642605e-01 
416 4161 1.903906e-04 3.645143e-01 9.181469e-03 9.181469e-03 4.408606e-02 6.895725e-02 8.708368e-02 1.004014e-01 1.292820e-01 1.728582e-01 3.131557e-01 3.645143e-01 
417 4171 1.900308e-04 3.605524e-01 9.284850e-03 9.284850e-03 4.387518e-02 6.892384e-02 8.655270e-02 1.007004e-01 1.288193e-01 1.743875e-01 3.085651e-01 3.605524e-01 
418 4181 1.875568e-04 3.597108e-01 9.150431e-03 9.150431e-03 4.329937e-02 6.818373e-02 8.877572e-02 1.002180e-01 1.306078e-01 1.717101e-01 3.050399e-01 3.597108e-01 
419 4191 1.844278e-04 3.585250e-01 9.089671e-03 9.089671e-03 4.241080e-02 6.705849e-02 8.729678e-02 9.854563e-02 1.352087e-01 1.699043e-01 2.992844e-01 3.585250e-01 
420 4201 1.979681e-04 3.530251e-01 9.110309e-03 9.110309e-03 4.185762e-02 6.763384e-02 8.602566e-02 1.001285e-01 1.417947e-01 1.681777e-01 2.967169e-01 3.530251e-01 
421 4211 1.894406e-04 3.510133e-01 9.061869e-03 9.061869e-03 4.149808e-02 6.700555e-02 8.530960e-02 9.853686e-02 1.407366e-01 1.662739e-01 2.940472e-01 3.510133e-01 
422 4221 1.735341e-04 3.481807e-01 9.086429e-03 9.086429e-03 4.076943e-02 6.760165e-02 8.446959e-02 9.669049e-02 1.388591e-01 1.631601e-01 2.897931e-01 3.481807e-01 
423 4231 1.749707e-04 3.426021e-01 9.293460e-03 9.293460e-03 4.006646e-02 6.854474e-02 8.452877e-02 9.751776e-02 1.367663e-01 1.604515e-01 2.871884e-01 3.426021e-01 
424 4241 1.792718e-04 3.400014e-01 9.340855e-03 9.340855e-03 3.955355e-02 6.896267e-02 8.512480e-02 9.643858e-02 1.357689e-01 1.593854e-01 2.876985e-01 3.400014e-01 
425 4251 1.889271e-04 3.421401e-01 9.276360e-03 9.276360e-03 4.001908e-02 7.128809e-02 8.416243e-02 9.567625e-02 1.373404e-01 1.621678e-01 2.828353e-01 3.421401e-01 
426 4261 1.990542e-04 3.517195e-01 9.215785e-03 9.215785e-03 3.943142e-02 7.156520e-02 8.394627e-02 9.862888e-02 1.366888e-01 1.643917e-01 2.790585e-01 3.517195e-01 
427 4271 1.968726e-04 3.522033e-01 9.088814e-03 9.088814e-03 3.982192e-02 7.210685e-02 8.283947e-02 9.779225e-02 1.363922e-01 1.634850e-01 2.772588e-01 3.522033e-01 
428 4281 1.782944e-04 3.500948e-01 8.940533e-03 8.940533e-03 4.022051e-02 7.106352e-02 8.213114e-02 9.769641e-02 1.356957e-01 1.619465e-01 2.724126e-01 3.500948e-01 
429 4291 1.640822e-04 3.489056e-01 8.784001e-03 8.784001e-03 3.973113e-02 7.002100e-02 8.098297e-02 9.808119e-02 1.336061e-01 1.606999e-01 2.689761e-01 3.489056e-01 
430 4301 1.527955e-04 3.447581e-01 8.692120e-03 8.692120e-03 3.991529e-02 6.892771e-02 7.997402e-02 9.760364e-02 1.328582e-01 1.575956e-01 2.642642e-01 3.447581e-01 
431 4311 1.448622e-04 3.429607e-01 8.677274e-03 8.677274e-03 4.004798e-02 6.999263e-02 7.953461e-02 1.001645e-01 1.304871e-01 1.559081e-01 2.626727e-01 3.429607e-01 
432 4321 1.408621e-04 3.403506e-01 8.626875e-03 8.626875e-03 4.038026e-02 6.902656e-02 7.848664e-02 1.014788e-01 1.297809e-01 1.527354e-01 2.588597e-01 3.403506e-01 
433 4331 1.506658e-04 3.403873e-01 8.687167e-03 8.687167e-03 4.206109e-02 6.864676e-02 7.731404e-02 1.041641e-01 1.288068e-01 1.544194e-01 2.548208e-01 3.403873e-01 
434 4341 1.564792e-04 3.350968e-01 8.620259e-03 8.620259e-03 4.228404e-02 6.747492e-02 7.717145e-02 1.060979e-01 1.281929e-01 1.536952e-01 2.499939e-01 3.350968e-01 
435 4351 1.580682e-04 3.320175e-01 8.493737e-03 8.493737e-03 4.265057e-02 6.625217e-02 7.841411e-02 1.063552e-01 1.263955e-01 1.524749e-01 2.489047e-01 3.320175e-01 
436 4361 1.709999e-04 3.284482e-01 8.336225e-03 8.336225e-03 4.257093e-02 6.501671e-02 7.918350e-02 1.114048e-01 1.279083e-01 1.516075e-01 2.520667e-01 3.284482e-01 
437 4371 1.640075e-04 3.248794e-01 8.215751e-03 8.215751e-03 4.224758e-02 6.689759e-02 7.814104e-02 1.108600e-01 1.263318e-01 1.492122e-01 2.490394e-01 3.248794e-01 
438 4381 1.531263e-04 3.211029e-01 8.205932e-03 8.205932e-03 4.222432e-02 6.651161e-02 7.745136e-02 1.093870e-01 1.245200e-01 1.477306e-01 2.450356e-01 3.211029e-01 
439 4391 1.601245e-04 3.179484e-01 8.174578e-03 8.174578e-03 4.382167e-02 6.562055e-02 7.692303e-02 1.160442e-01 1.240225e-01 1.465848e-01 2.427498e-01 3.179484e-01 
440 4401 1.664086e-04 3.158524e-01 8.040494e-03 8.040494e-03 4.532032e-02 6.542046e-02 7.707361e-02 1.156399e-01 1.221152e-01 1.462953e-01 2.436704e-01 3.158524e-01 
441 4411 1.606173e-04 3.180296e-01 7.908289e-03 7.908289e-03 4.487105e-02 6.477642e-02 7.755735e-02 1.151630e-01 1.211813e-01 1.463237e-01 2.413533e-01 3.180296e-01 
442 4421 1.608326e-04 3.133141e-01 7.764957e-03 7.764957e-03 4.473693e-02 6.611096e-02 7.821089e-02 1.138955e-01 1.206039e-01 1.447639e-01 2.422536e-01 3.133141e-01 
443 4431 1.697482e-04 3.133971e-01 7.992014e-03 7.992014e-03 4.384339e-02 6.692312e-02 7.784999e-02 1.129415e-01 1.223605e-01 1.430513e-01 2.422153e-01 3.133971e-01 
444 4441 1.578733e-04 3.213139e-01 7.911139e-03 7.911139e-03 4.335506e-02 6.624949e-02 7.754822e-02 1.118481e-01 1.218793e-01 1.412777e-01 2.396370e-01 3.213139e-01 
445 4451 1.554538e-04 3.179522e-01 7.872685e-03 7.872685e-03 4.300046e-02 6.583803e-02 7.819541e-02 1.143191e-01 1.209022e-01 1.411281e-01 2.387643e-01 3.179522e-01 
446 4461 1.532346e-04 3.174052e-01 7.766329e-03 7.766329e-03 4.296443e-02 6.513832e-02 7.794680e-02 1.155853e-01 1.204742e-01 1.402322e-01 2.347046e-01 3.174052e-01 
447 4471 1.511511e-04 3.194095e-01 7.620655e-03 7.620655e-03 4.239558e-02 6.422956e-02 7.782511e-02 1.148262e-01 1.224437e-01 1.395927e-01 2.364383e-01 3.194095e-01 
448 4481 1.442067e-04 3.167249e-01 7.681357e-03 7.681357e-03 4.223360e-02 6.437141e-02 7.655718e-02 1.129216e-01 1.237033e-01 1.426706e-01 2.379596e-01 3.167249e-01 
449 4491 1.325671e-04 3.122617e-01 7.745742e-03 7.745742e-03 4.224455e-02 6.364225e-02 7.588281e-02 1.120362e-01 1.227918e-01 1.406189e-01 2.357807e-01 3.122617e-01 
450 4501 1.209160e-04 3.073807e-01 7.859892e-03 7.859892e-03 4.161547e-02 6.296021e-02 7.580946e-02 1.102787e-01 1.206778e-01 1.418082e-01 2.350151e-01 3.073807e-01 
451 4511 1.117827e-04 3.014967e-01 7.866700e-03 7.866700e-03 4.131757e-02 6.258758e-02 7.638648e-02 1.081084e-01 1.212450e-01 1.418872e-01 2.316448e-01 3.014967e-01 
452 4521 1.054879e-04 3.003179e-01 7.712087e-03 7.712087e-03 4.080365e-02 6.140382e-02 7.505853e-02 1.076737e-01 1.195835e-01 1.418308e-01 2.285341e-01 3.003179e-01 
453 4531 9.956800e-05 2.956502e-01 7.588864e-03 7.588864e-03 4.062294e-02 6.051979e-02 7.363674e-02 1.085107e-01 1.172084e-01 1.437397e-01 2.259069e-01 2.956502e-01 
454 4541 9.243737e-05 2.898851e-01 7.437770e-03 7.437770e-03 4.252108e-02 5.935515e-02 7.281416e-02 1.069835e-01 1.152060e-01 1.418851e-01 2.218217e-01 2.898851e-01 
455 4551 9.510178e-05 2.927437e-01 7.330864e-03 7.330864e-03 4.278114e-02 6.033135e-02 7.187842e-02 1.082031e-01 1.151627e-01 1.427117e-01 2.205566e-01 2.927437e-01 
456 4561 9.564348e-05 2.932404e-01 7.272238e-03 7.272238e-03 4.379662e-02 5.967131e-02 7.117057e-02 1.081453e-01 1.138879e-01 1.418435e-01 2.165854e-01 2.932404e-01 
457 4571 9.188308e-05 2.892143e-01 7.156570e-03 7.156570e-03 4.453189e-02 5.964923e-02 7.033598e-02 1.062812e-01 1.134029e-01 1.410160e-01 2.132595e-01 2.892143e-01 
458 4581 8.949357e-05 2.859931e-01 7.125718e-03 7.125718e-03 4.388820e-02 5.890544e-02 7.080987e-02 1.051760e-01 1.170861e-01 1.383944e-01 2.099909e-01 2.859931e-01 
459 4591 9.135296e-05 2.934407e-01 7.030514e-03 7.030514e-03 4.375168e-02 5.794693e-02 6.972760e-02 1.052777e-01 1.193251e-01 1.388084e-01 2.105482e-01 2.934407e-01 
460 4601 9.066199e-05 2.906603e-01 6.970644e-03 6.970644e-03 4.443822e-02 5.799289e-02 6.869147e-02 1.046082e-01 1.188929e-01 1.407146e-01 2.096216e-01 2.906603e-01 
461 4611 9.887873e-05 2.869735e-01 6.971795e-03 6.971795e-03 4.481640e-02 5.775778e-02 6.859666e-02 1.034933e-01 1.253362e-01 1.439679e-01 2.067451e-01 2.869735e-01 
462 4621 1.053062e-04 2.835374e-01 6.890868e-03 6.890868e-03 4.464930e-02 5.697869e-02 6.737953e-02 1.016947e-01 1.251355e-01 1.508758e-01 2.051765e-01 2.835374e-01 
463 4631 1.114652e-04 2.822446e-01 6.891430e-03 6.891430e-03 4.398227e-02 5.744929e-02 6.765518e-02 1.010103e-01 1.285616e-01 1.532777e-01 2.020216e-01 2.822446e-01 
464 4641 1.057578e-04 2.833320e-01 6.773561e-03 6.773561e-03 4.328506e-02 5.701494e-02 6.660067e-02 9.996315e-02 1.323834e-01 1.523387e-01 1.994749e-01 2.833320e-01 
465 4651 1.080269e-04 2.861195e-01 6.841007e-03 6.841007e-03 4.256432e-02 5.630190e-02 6.823210e-02 1.006432e-01 1.322219e-01 1.493932e-01 1.964435e-01 2.861195e-01 
466 4661 1.085354e-04 2.835705e-01 6.895004e-03 6.895004e-03 4.307174e-02 5.724260e-02 6.730146e-02 1.017493e-01 1.316369e-01 1.470064e-01 1.939629e-01 2.835705e-01 
467 4671 9.987589e-05 2.802604e-01 6.815083e-03 6.815083e-03 4.236430e-02 5.644252e-02 6.614951e-02 1.015642e-01 1.316880e-01 1.452296e-01 1.941210e-01 2.802604e-01 
468 4681 9.643131e-05 2.764583e-01 6.761575e-03 6.761575e-03 4.195316e-02 5.558783e-02 6.530422e-02 1.059360e-01 1.307468e-01 1.439791e-01 1.913228e-01 2.764583e-01 
469 4691 8.934255e-05 2.729067e-01 6.670535e-03 6.670535e-03 4.170778e-02 5.537341e-02 6.417254e-02 1.055333e-01 1.315980e-01 1.421576e-01 1.891207e-01 2.729067e-01 
470 4701 8.000295e-05 2.690987e-01 6.556217e-03 6.556217e-03 4.092667e-02 5.462381e-02 6.419850e-02 1.042854e-01 1.307068e-01 1.396155e-01 1.876160e-01 2.690987e-01 
471 4711 7.840380e-05 2.653341e-01 6.663227e-03 6.663227e-03 4.058136e-02 5.420477e-02 6.368240e-02 1.032648e-01 1.284776e-01 1.420833e-01 1.868978e-01 2.653341e-01 
472 4721 7.561520e-05 2.628027e-01 6.704810e-03 6.704810e-03 4.026831e-02 5.321771e-02 6.311284e-02 1.036626e-01 1.276894e-01 1.403971e-01 1.835842e-01 2.628027e-01 
473 4731 8.036362e-05 2.663783e-01 6.696027e-03 6.696027e-03 4.097619e-02 5.326650e-02 6.329780e-02 1.071969e-01 1.281936e-01 1.391476e-01 1.832629e-01 2.663783e-01 
474 4741 8.860657e-05 2.628371e-01 7.041929e-03 7.041929e-03 4.076584e-02 5.275586e-02 6.365980e-02 1.077571e-01 1.279319e-01 1.419828e-01 1.845923e-01 2.628371e-01 
475 4751 1.008484e-04 2.606891e-01 7.264523e-03 7.264523e-03 4.143133e-02 5.343461e-02 6.344604e-02 1.066885e-01 1.254482e-01 1.451421e-01 1.843929e-01 2.606891e-01 
476 4761 9.999603e-05 2.560379e-01 7.194779e-03 7.194779e-03 4.088685e-02 5.379220e-02 6.323938e-02 1.051389e-01 1.273560e-01 1.441406e-01 1.830628e-01 2.560379e-01 
477 4771 9.866637e-05 2.582792e-01 7.264791e-03 7.264791e-03 4.024542e-02 5.342912e-02 6.493348e-02 1.044598e-01 1.276266e-01 1.463949e-01 1.836777e-01 2.582792e-01 
478 4781 9.068005e-05 2.562809e-01 7.185018e-03 7.185018e-03 3.982918e-02 5.265093e-02 6.501366e-02 1.044857e-01 1.258797e-01 1.486650e-01 1.813117e-01 2.562809e-01 
479 4791 8.732473e-05 2.567945e-01 7.232422e-03 7.232422e-03 3.921360e-02 5.292042e-02 6.416271e-02 1.064748e-01 1.250617e-01 1.460999e-01 1.788354e-01 2.567945e-01 
480 4801 8.298424e-05 2.523045e-01 7.170438e-03 7.170438e-03 3.845740e-02 5.249061e-02 6.320398e-02 1.053448e-01 1.232390e-01 1.476711e-01 1.771918e-01 2.523045e-01 
481 4811 8.308874e-05 2.518334e-01 7.110693e-03 7.110693e-03 3.848752e-02 5.196486e-02 6.331033e-02 1.074133e-01 1.241218e-01 1.507227e-01 1.767399e-01 2.518334e-01 
482 4821 7.783349e-05 2.487317e-01 7.011177e-03 7.011177e-03 3.794618e-02 5.103655e-02 6.261420e-02 1.056311e-01 1.235967e-01 1.518376e-01 1.742276e-01 2.487317e-01 
483 4831 7.684892e-05 2.584633e-01 6.891135e-03 6.891135e-03 3.815144e-02 5.084027e-02 6.158638e-02 1.048087e-01 1.230455e-01 1.498979e-01 1.763228e-01 2.584633e-01 
484 4841 7.883635e-05 2.780104e-01 6.767719e-03 6.767719e-03 3.780932e-02 5.022540e-02 6.071492e-02 1.033231e-01 1.212922e-01 1.471745e-01 1.737847e-01 2.780104e-01 
485 4851 8.136879e-05 2.812908e-01 6.728055e-03 6.728055e-03 3.727306e-02 4.934456e-02 6.343932e-02 1.019271e-01 1.202368e-01 1.447154e-01 1.720282e-01 2.812908e-01 
486 4861 8.085554e-05 2.824923e-01 6.670499e-03 6.670499e-03 3.714618e-02 4.863925e-02 6.337971e-02 1.072824e-01 1.180764e-01 1.431822e-01 1.687953e-01 2.824923e-01 
487 4871 7.673959e-05 2.780597e-01 6.587062e-03 6.587062e-03 3.653955e-02 4.784215e-02 6.340384e-02 1.073776e-01 1.188605e-01 1.423292e-01 1.671446e-01 2.780597e-01 
488 4881 7.422309e-05 2.766690e-01 6.483006e-03 6.483006e-03 3.597758e-02 4.843628e-02 6.337633e-02 1.074835e-01 1.204637e-01 1.418625e-01 1.674009e-01 2.766690e-01 
489 4891 7.732653e-05 2.741172e-01 6.378694e-03 6.378694e-03 3.900176e-02 4.757808e-02 6.426339e-02 1.059496e-01 1.185604e-01 1.401912e-01 1.660267e-01 2.741172e-01 
490 4901 7.746633e-05 2.701926e-01 6.391360e-03 6.391360e-03 3.867166e-02 4.667458e-02 6.517273e-02 1.047399e-01 1.176392e-01 1.397700e-01 1.631132e-01 2.701926e-01 
491 4911 7.992739e-05 2.662138e-01 6.441105e-03 6.441105e-03 3.835980e-02 4.599122e-02 6.722140e-02 1.031210e-01 1.180404e-01 1.378460e-01 1.615074e-01 2.662138e-01 
492 4921 8.259030e-05 2.657870e-01 6.336399e-03 6.336399e-03 3.767478e-02 4.551380e-02 6.862690e-02 1.018457e-01 1.190039e-01 1.369320e-01 1.601329e-01 2.657870e-01 
493 4931 8.403687e-05 2.644900e-01 6.239403e-03 6.239403e-03 3.698529e-02 4.499846e-02 6.900809e-02 1.071740e-01 1.175408e-01 1.367556e-01 1.594702e-01 2.644900e-01 
494 4941 8.267259e-05 2.616256e-01 6.137110e-03 6.137110e-03 3.724282e-02 4.420981e-02 6.790292e-02 1.064012e-01 1.161613e-01 1.404696e-01 1.570417e-01 2.616256e-01 
495 4951 8.393330e-05 2.594282e-01 6.048307e-03 6.048307e-03 3.738460e-02 4.371045e-02 6.784563e-02 1.066525e-01 1.177651e-01 1.402489e-01 1.567623e-01 2.594282e-01 
496 4961 7.942507e-05 2.556063e-01 5.996000e-03 5.996000e-03 3.716105e-02 4.292991e-02 6.763209e-02 1.068728e-01 1.165610e-01 1.390871e-01 1.541599e-01 2.556063e-01 
497 4971 7.654756e-05 2.606830e-01 5.886053e-03 5.886053e-03 3.808515e-02 4.269491e-02 6.714775e-02 1.048726e-01 1.184550e-01 1.380408e-01 1.542466e-01 2.606830e-01 
498 4981 7.294191e-05 2.661515e-01 5.792990e-03 5.792990e-03 3.752877e-02 4.202376e-02 6.688500e-02 1.031040e-01 1.172788e-01 1.380962e-01 1.564125e-01 2.661515e-01 
499 4991 7.113533e-05 2.672597e-01 5.698079e-03 5.698079e-03 3.839395e-02 4.122129e-02 6.754345e-02 1.018894e-01 1.157818e-01 1.372283e-01 1.543554e-01 2.672597e-01 
500 5001 7.109192e-05 2.622932e-01 5.614979e-03 5.614979e-03 3.832472e-02 4.090724e-02 6.725678e-02 9.996887e-02 1.168551e-01 1.375843e-01 1.617068e-01 2.622932e-01 
