79 791 6.294402e-02 5.126497e+00  5.725986074008120041e-02  5.729715950542359215e-02  6.700340049575065349e-02  7.180119467498875807e-02
80 801 6.548126e-02 4.975878e+00  5.725986074008120041e-02  5.735215063846506311e-02  6.979681384283682732e-02  9.569933298865836158e-02
81 811 6.110724e-02 5.041543e+00  5.472950886551487815e-02  5.472950886551487815e-02  6.235581488602158495e-02  8.509032770604287033e-02
82 821 5.608944e-02 5.020505e+00  5.344931495262129212e-02  5.344931495262129212e-02  6.195589637281632284e-02  7.561929310103919499e-02
83 831 5.293864e-02 5.130052e+00  5.187802665297903265e-02  5.187802665297903265e-02  6.132965017966223592e-02  7.262923496598396034e-02
84 841 4.923197e-02 5.195907e+00  5.187802665297903265e-02  5.234770310572502833e-02  6.051927076471180778e-02  6.820666238033783191e-02
85 851 4.672065e-02 5.247203e+00  5.187802665297903265e-02  5.318919626614405927e-02  5.838678580223885528e-02  6.479609794480709062e-02
86 861 4.790704e-02 5.289102e+00  5.187802665297903265e-02  5.400650781881154161e-02  6.210633521330618384e-02  7.234207658011788944e-02
87 871 4.268644e-02 5.331670e+00  5.187802665297903265e-02  5.321601083217540606e-02  5.815934944649853167e-02  6.615644640663538578e-02
88 881 4.296211e-02 5.348378e+00  5.187802665297903265e-02  5.274486899676832791e-02  5.637226215385625350e-02  6.469899528203283678e-02
89 891 4.153049e-02 5.296063e+00  5.187802665297903265e-02  5.539274178631426598e-02  5.898568206548260306e-02  6.547306598167931813e-02
90 901 3.911511e-02 5.274896e+00  5.187802665297903265e-02  5.478279427438369209e-02  6.012254733530128514e-02  8.075966017002386699e-02
91 911 3.467886e-02 5.308343e+00  5.187802665297903265e-02  5.373034331134205616e-02  6.070904518087522073e-02  7.065835240680813645e-02
92 921 3.297487e-02 5.312082e+00  5.187802665297903265e-02  5.346017712773105945e-02  5.536160531118326789e-02  7.201842520302555173e-02
93 931 3.451839e-02 5.463783e+00  5.187802665297903265e-02  5.211473401265026562e-02  5.532558637511653804e-02  7.566061400944977533e-02
94 941 3.613732e-02 5.489483e+00  5.187802665297903265e-02  5.282422502012273924e-02  5.485829423366811453e-02  6.149010707998049663e-02
95 951 3.379450e-02 5.573441e+00  5.187802665297903265e-02  5.202221431412889369e-02  5.529037080080759919e-02  6.240543322639082596e-02
96 961 3.325066e-02 5.605640e+00  5.124709600341469107e-02  5.124709600341469107e-02  5.291953562177478809e-02  5.835244724984519488e-02
97 971 3.235858e-02 5.591151e+00  5.124709600341469107e-02  5.272366771258363283e-02  5.532354084433690339e-02  6.289502520217100934e-02
98 981 2.857410e-02 5.618597e+00  5.124709600341469107e-02  5.153084682369330621e-02  5.466617287991385604e-02  6.004633971891311373e-02
99 991 2.748067e-02 5.771346e+00  5.124709600341469107e-02  5.179951761978328351e-02  5.546759515783619698e-02  6.220028065204083467e-02
100 1001 2.559980e-02 5.803748e+00  5.124709600341469107e-02  5.252788148170538240e-02  5.425376698322606495e-02  5.910244641163795581e-02
101 1011 2.612020e-02 5.881541e+00  5.120282483459184103e-02  5.120282483459184103e-02  5.267086186762632433e-02  5.588681667312481172e-02
102 1021 2.606441e-02 5.906711e+00  5.052758144110460620e-02  5.052758144110460620e-02  5.252319946184624833e-02  5.582435794449302352e-02
103 1031 2.608917e-02 5.962322e+00  5.052758144110460620e-02  5.095800413370035753e-02  5.253527758414170551e-02  6.148899904688517881e-02
104 1041 2.805715e-02 5.946110e+00  5.052758144110460620e-02  5.119164519665690000e-02  5.256080162220314045e-02  5.547912142702746824e-02
105 1051 3.001592e-02 5.947717e+00  5.052758144110460620e-02  5.083102169436742868e-02  5.169015182745720360e-02  5.985308287446478026e-02
106 1061 2.764727e-02 5.908688e+00  5.052758144110460620e-02  5.170180106009754362e-02  5.310993903349601336e-02  6.139998974380175834e-02
107 1071 2.688197e-02 5.911449e+00  5.052758144110460620e-02  5.093376328633507366e-02  5.267968184547981714e-02  5.494458858467115431e-02
108 1081 2.647734e-02 5.907415e+00  5.018740612436531356e-02  5.018740612436531356e-02  5.253800046315397487e-02  5.847351318261158337e-02
109 1091 2.600718e-02 5.910454e+00  5.015416992949273123e-02  5.015416992949273123e-02  5.250318246900226304e-02  5.714872224000851209e-02
110 1101 2.360747e-02 5.997450e+00  5.015416992949273123e-02  5.073663856558385810e-02  5.162964626879090746e-02  5.828792909980557574e-02
111 1111 2.049651e-02 6.029349e+00  5.015416992949273123e-02  5.078669380300040309e-02  5.200607362523883975e-02  5.607563498235852012e-02
112 1121 1.821726e-02 6.011038e+00  5.015416992949273123e-02  5.085274831661140693e-02  5.225891378542270316e-02  5.874424586398773601e-02
113 1131 1.691358e-02 6.027283e+00  5.015416992949273123e-02  5.058195353094534219e-02  5.163068088377146397e-02  5.210813491663265906e-02
114 1141 1.684279e-02 5.896999e+00  5.015416992949273123e-02  5.066418538898698198e-02  5.138245472260233315e-02  5.576516783491280299e-02
115 1151 1.490526e-02 5.884676e+00  5.015416992949273123e-02  5.046467411910014744e-02  5.121764245485187217e-02  5.454159389374491074e-02
116 1161 1.497716e-02 5.968418e+00  5.015416992949273123e-02  5.029556407507456556e-02  5.080053771949289559e-02  5.168392848147593949e-02
117 1171 1.406258e-02 5.977915e+00  5.015416992949273123e-02  5.020465616674765763e-02  5.080896537475946412e-02  5.220844198869818015e-02
118 1181 1.362598e-02 5.979827e+00  5.003548040887925707e-02  5.003548040887925707e-02  5.077714596763324706e-02  5.695764185397048096e-02
119 1191 1.367269e-02 6.194951e+00  4.958016159100086390e-02  4.958016159100086390e-02  5.036263749906019771e-02  5.105168668335832022e-02
120 1201 1.433821e-02 6.197999e+00  4.946698237967830925e-02  4.946698237967830925e-02  5.017965662387308123e-02  5.040244109877058815e-02
121 1211 1.554255e-02 6.435489e+00  4.924789865244948162e-02  4.924789865244948162e-02  4.999484325045970567e-02  5.629953028088142963e-02
122 1221 1.675509e-02 6.637019e+00  4.901937910365626594e-02  4.901937910365626594e-02  4.962087799446737724e-02  5.320534915492518280e-02
123 1231 1.649370e-02 6.715197e+00  4.891284687353435884e-02  4.891284687353435884e-02  4.986543973303091820e-02  5.095988034066079031e-02
124 1241 1.563499e-02 6.803339e+00  4.860196043444565961e-02  4.860196043444565961e-02  4.989070537615871576e-02  5.122218125160495766e-02
125 1251 1.572684e-02 7.066923e+00  4.831484856118462012e-02  4.831484856118462012e-02  4.942854548233293482e-02  5.050732735023552578e-02
126 1261 1.710049e-02 7.598611e+00  4.813165740651641905e-02  4.813165740651641905e-02  4.918559389819289474e-02  5.065962554626147335e-02
127 1271 1.781613e-02 7.863603e+00  4.802484969942956428e-02  4.802484969942956428e-02  4.895896757195578042e-02  5.013171049821383424e-02
128 1281 1.776684e-02 8.055616e+00  4.802484969942956428e-02  4.828249914925249880e-02  4.864623490417831903e-02  5.009666596577817127e-02
129 1291 1.721937e-02 8.256823e+00  4.773573428371680194e-02  4.773573428371680194e-02  4.854903736582158458e-02  4.998655196596162725e-02
130 1301 1.791636e-02 8.855374e+00  4.738107884821059212e-02  4.738107884821059212e-02  4.855987438293453418e-02  4.953894833198066450e-02
131 1311 1.809104e-02 9.184434e+00  4.694628589612447056e-02  4.694628589612447056e-02  4.818837616793560097e-02  4.918975011921979806e-02
132 1321 1.944494e-02 9.578554e+00  4.694628589612447056e-02  4.753630157799353106e-02  4.854101269836307020e-02  5.298728368983665615e-02
133 1331 2.057665e-02 9.827002e+00  4.694628589612447056e-02  4.704928395117476125e-02  4.819931236374937200e-02  5.207053383689172477e-02
134 1341 1.871005e-02 9.926497e+00  4.694628589612447056e-02  4.748685499955348360e-02  4.832733834171704101e-02  5.251455625809246797e-02
135 1351 1.903123e-02 9.971946e+00  4.682330252908090129e-02  4.682330252908090129e-02  4.809031986003851206e-02  4.843703622821510235e-02
136 1361 1.889004e-02 1.002612e+01  4.682330252908090129e-02  4.687930347548272675e-02  4.834313160712889329e-02  5.072144215336021195e-02
137 1371 1.759930e-02 1.012483e+01  4.680385577751901977e-02  4.680385577751901977e-02  4.787909594944865510e-02  5.062058431573580874e-02
138 1381 1.649105e-02 1.016703e+01  4.648400156859387733e-02  4.648400156859387733e-02  4.738302196325060167e-02  5.016054708497484638e-02
139 1391 1.556397e-02 9.882761e+00  4.648400156859387733e-02  4.675541167541084897e-02  4.762681493986976877e-02  4.938363454616066794e-02
140 1401 1.500575e-02 9.961696e+00  4.648400156859387733e-02  4.653511314399364635e-02  4.736031559726428669e-02  4.780548885883000032e-02
141 1411 1.682116e-02 1.016723e+01  4.629590311500368649e-02  4.629590311500368649e-02  4.711996772048494819e-02  4.843693688091176008e-02
142 1421 1.854141e-02 1.032622e+01  4.625882530931594433e-02  4.625882530931594433e-02  4.680665581577374279e-02  4.820985475297884931e-02
143 1431 1.927985e-02 1.059412e+01  4.619943168893158453e-02  4.619943168893158453e-02  4.699467445108866659e-02  4.845646708434268868e-02
144 1441 1.959339e-02 1.079068e+01  4.577708035977288981e-02  4.577708035977288981e-02  4.635019525854089384e-02  4.762223394370760504e-02
145 1451 1.972535e-02 1.121067e+01  4.549678948498078052e-02  4.549678948498078052e-02  4.684820032820067454e-02  4.801034410826984095e-02
146 1461 1.986695e-02 1.161918e+01  4.543678331857542441e-02  4.543678331857542441e-02  4.614100306582044619e-02  4.710417426848687028e-02
147 1471 1.772149e-02 1.172998e+01  4.506751242940153918e-02  4.506751242940153918e-02  4.591140851295399949e-02  4.676144252104173088e-02
148 1481 1.868320e-02 1.238865e+01  4.506751242940153918e-02  4.519635974595816869e-02  4.579998399378683999e-02  4.693382682691793484e-02
149 1491 2.125216e-02 1.341613e+01  4.506751242940153918e-02  4.507244378838823340e-02  4.575136505152427313e-02  4.653096592737979847e-02
150 1501 2.242683e-02 1.373828e+01  4.498666766681727602e-02  4.498666766681727602e-02  4.660790315519872801e-02  5.042639824532186427e-02
151 1511 2.420307e-02 1.459216e+01  4.465792042923699690e-02  4.465792042923699690e-02  4.580845622471277356e-02  4.896756626928278067e-02
152 1521 2.602525e-02 1.500224e+01  4.465792042923699690e-02  4.478002132130919077e-02  4.570469638180316152e-02  4.822689382441430750e-02
153 1531 2.874630e-02 1.492361e+01  4.465792042923699690e-02  4.513669438981874477e-02  4.611508306920290151e-02  4.914163001037698264e-02
154 1541 2.862900e-02 1.495444e+01  4.465792042923699690e-02  4.504149144254413623e-02  4.604651782581187930e-02  4.733201214082178448e-02
155 1551 2.926333e-02 1.493020e+01  4.465792042923699690e-02  4.504889593692527200e-02  4.564436150523232261e-02  4.694621815292331773e-02
156 1561 2.805564e-02 1.506313e+01  4.457688426257080949e-02  4.457688426257080949e-02  4.558576677059242299e-02  4.816097265424360008e-02
157 1571 2.873201e-02 1.504466e+01  4.450000992280699064e-02  4.450000992280699064e-02  4.581844673395151640e-02  4.986836399219971711e-02
158 1581 2.564240e-02 1.523000e+01  4.450000992280699064e-02  4.495069738484438332e-02  4.593927322241590783e-02  4.851724333355718344e-02
159 1591 2.385486e-02 1.532135e+01  4.438552261969262031e-02  4.438552261969262031e-02  4.522809494214499737e-02  4.779855551879812203e-02
160 1601 2.323561e-02 1.531443e+01  4.438552261969262031e-02  4.452979376956360535e-02  4.491260647162350489e-02  4.627762623359204380e-02
161 1611 2.299292e-02 1.536026e+01  4.438552261969262031e-02  4.452586442730238625e-02  4.512692059547435131e-02  4.607827182673809169e-02
162 1621 2.375578e-02 1.546598e+01  4.438552261969262031e-02  4.472707922689534571e-02  4.502135809037879910e-02  4.606032001418404465e-02
163 1631 2.158420e-02 1.550330e+01  4.438552261969262031e-02  4.486328707463606291e-02  4.524830831721514401e-02  4.608300432289965526e-02
164 1641 1.981727e-02 1.551254e+01  4.438552261969262031e-02  4.474963571193616568e-02  4.513583269229477779e-02  4.665339056012095947e-02
165 1651 1.903339e-02 1.556318e+01  4.438552261969262031e-02  4.479252499178433544e-02  4.556708943305486093e-02  4.602757539591072200e-02
166 1661 1.717723e-02 1.560664e+01  4.438552261969262031e-02  4.457946363629584213e-02  4.548382101858624432e-02  4.791814421121555478e-02
167 1671 1.639070e-02 1.546950e+01  4.438552261969262031e-02  4.465159128613676448e-02  4.518456910480445760e-02  4.582061324090452858e-02
168 1681 1.573390e-02 1.553702e+01  4.438552261969262031e-02  4.455334650692416992e-02  4.481042316891895028e-02  4.571768011529905862e-02
169 1691 1.556400e-02 1.526743e+01  4.438552261969262031e-02  4.458964808649863720e-02  4.499142279544908474e-02  4.567006050803713857e-02
170 1701 1.504085e-02 1.514615e+01  4.438552261969262031e-02  4.448529349569716601e-02  4.481980383343889263e-02  4.521599088822469276e-02
171 1711 1.477260e-02 1.463263e+01  4.438552261969262031e-02  4.449284289819438465e-02  4.482894814637731346e-02  4.509600882018868773e-02
172 1721 1.518260e-02 1.456872e+01  4.438552261969262031e-02  4.446779993939763143e-02  4.476649600420917058e-02  4.553185114417292872e-02
173 1731 1.482650e-02 1.450188e+01  4.438552261969262031e-02  4.440204596472865917e-02  4.468119070195059050e-02  4.510729303019927333e-02
174 1741 1.328740e-02 1.448041e+01  4.438552261969262031e-02  4.442360168525587294e-02  4.482035825917735777e-02  4.572519635448310527e-02
175 1751 1.212041e-02 1.460038e+01  4.429801601759104229e-02  4.429801601759104229e-02  4.459210244130586143e-02  4.533041649541656032e-02
176 1761 1.141864e-02 1.457151e+01  4.423842788283925687e-02  4.423842788283925687e-02  4.445271872649872447e-02  4.459925749458418243e-02
177 1771 1.036032e-02 1.448784e+01  4.423842788283925687e-02  4.424783680751863402e-02  4.435284796692572779e-02  4.460199748924942309e-02
178 1781 9.315406e-03 1.449111e+01  4.423842788283925687e-02  4.423898078754925217e-02  4.434478580428309613e-02  4.458830962756472199e-02
179 1791 8.386033e-03 1.436613e+01  4.423842788283925687e-02  4.425810247740133430e-02  4.439653757353514973e-02  4.465864038925022178e-02
180 1801 7.852003e-03 1.438699e+01  4.423842788283925687e-02  4.425340854028753795e-02  4.439453662571039155e-02  4.452751197217441614e-02
181 1811 7.330533e-03 1.438773e+01  4.423842788283925687e-02  4.424591854867816754e-02  4.435191108026725199e-02  4.443808725089780365e-02
182 1821 6.759865e-03 1.428499e+01  4.423842788283925687e-02  4.430382041861367914e-02  4.435751656920354502e-02  4.450534241732745366e-02
183 1831 6.141516e-03 1.430088e+01  4.423842788283925687e-02  4.430626620184260206e-02  4.434084129883408831e-02  4.454295131597774127e-02
184 1841 6.448637e-03 1.434592e+01  4.422442977432614053e-02  4.422442977432614053e-02  4.432081126324692588e-02  4.440721058844120106e-02
185 1851 6.233565e-03 1.423020e+01  4.422255863526010355e-02  4.422255863526010355e-02  4.427985156764802782e-02  4.453245613505306399e-02
186 1861 5.832975e-03 1.403141e+01  4.422255863526010355e-02  4.424960594982860207e-02  4.427923082905856067e-02  4.446350256681919078e-02
187 1871 5.388455e-03 1.373508e+01  4.421644785375603015e-02  4.421644785375603015e-02  4.427389320788341354e-02  4.441535063702916480e-02
188 1881 5.438680e-03 1.355481e+01  4.420482493677824198e-02  4.420482493677824198e-02  4.430787752589934736e-02  4.442500546526453875e-02
189 1891 4.873987e-03 1.348605e+01  4.420482493677824198e-02  4.422644126177412149e-02  4.428113038084866004e-02  4.460186122944188175e-02
190 1901 4.429749e-03 1.338433e+01  4.420482493677824198e-02  4.420995085706717204e-02  4.424513908644069071e-02  4.433629961870716452e-02
191 1911 3.991178e-03 1.328955e+01  4.420482493677824198e-02  4.423430787665912078e-02  4.424800801745710360e-02  4.430368664935850631e-02
192 1921 3.861357e-03 1.326509e+01  4.420482493677824198e-02  4.422212699019147097e-02  4.426325441244098602e-02  4.435206371094667366e-02
193 1931 4.064456e-03 1.331618e+01  4.420482493677824198e-02  4.421021084248555333e-02  4.425077169584928222e-02  4.429937906925209001e-02
194 1941 3.946915e-03 1.332978e+01  4.418593086616224436e-02  4.418593086616224436e-02  4.422951366683863100e-02  4.428871568153960880e-02
195 1951 3.581096e-03 1.328618e+01  4.418593086616224436e-02  4.419291475739166308e-02  4.422408101079919329e-02  4.424977793069572590e-02
196 1961 3.040161e-03 1.333321e+01  4.418593086616224436e-02  4.420013892617232626e-02  4.422171202923828870e-02  4.425017658653812580e-02
197 1971 2.901636e-03 1.352988e+01  4.418593086616224436e-02  4.419300814146427669e-02  4.420239184661699239e-02  4.425339145330636770e-02
198 1981 2.579205e-03 1.337785e+01  4.418593086616224436e-02  4.419164194437429083e-02  4.420020403339244841e-02  4.422417760008327814e-02
199 1991 2.296102e-03 1.334718e+01  4.418593086616224436e-02  4.418729158107038979e-02  4.420316311712849111e-02  4.424273008225652198e-02
200 2001 2.211252e-03 1.322447e+01  4.418593086616224436e-02  4.418746823323219108e-02  4.419996870642201731e-02  4.421060287936545707e-02
201 2011 2.122362e-03 1.318245e+01  4.418528643248843812e-02  4.418528643248843812e-02  4.419366380561999541e-02  4.422587552533054078e-02
202 2021 1.986322e-03 1.317157e+01  4.418336614140738750e-02  4.418336614140738750e-02  4.419239555347282550e-02  4.420441794003552444e-02
203 2031 1.949012e-03 1.311979e+01  4.418336614140738750e-02  4.418760642233119512e-02  4.420101091244516001e-02  4.421376073500838527e-02
204 2041 1.839099e-03 1.259350e+01  4.418336614140738750e-02  4.418520273335034554e-02  4.420002032937363212e-02  4.421707808126450895e-02
205 2051 1.783193e-03 1.258209e+01  4.418336614140738750e-02  4.419059207376258014e-02  4.419904919883309302e-02  4.420869165168310466e-02
206 2061 1.744791e-03 1.237974e+01  4.418336614140738750e-02  4.419161449103974765e-02  4.419458228951067547e-02  4.421553437304181350e-02
207 2071 1.704144e-03 1.246518e+01  4.418336614140738750e-02  4.419124073732627611e-02  4.419798526383237475e-02  4.421768846128949770e-02
208 2081 1.695183e-03 1.247842e+01  4.418336614140738750e-02  4.418955135293725633e-02  4.419212334975188006e-02  4.421212197418605827e-02
209 2091 1.745327e-03 1.246626e+01  4.418336614140738750e-02  4.418457613356609193e-02  4.419285141203779105e-02  4.421805084101676497e-02
210 2101 1.683244e-03 1.242819e+01  4.418336614140738750e-02  4.418756985735752818e-02  4.419206430110868278e-02  4.420355692058480779e-02
211 2111 1.724476e-03 1.246536e+01  4.418336614140738750e-02  4.418746805732322314e-02  4.419169430220819261e-02  4.421011806134132749e-02
212 2121 1.655134e-03 1.236045e+01  4.418336614140738750e-02  4.418931892391009947e-02  4.419742292089594293e-02  4.421830161209504284e-02
213 2131 1.664427e-03 1.226646e+01  4.418336614140738750e-02  4.418649516269886751e-02  4.419153000232770023e-02  4.421745526375998880e-02
214 2141 1.707101e-03 1.230620e+01  4.418336614140738750e-02  4.418364047743900819e-02  4.419369929425173704e-02  4.420709910775903057e-02
215 2151 1.715431e-03 1.204064e+01  4.418336614140738750e-02  4.418520776086263396e-02  4.418707440874516251e-02  4.419682862914230820e-02
216 2161 1.692097e-03 1.203601e+01  4.418309580919342616e-02  4.418309580919342616e-02  4.418799747386513432e-02  4.420647828752891778e-02
217 2171 1.761686e-03 1.199406e+01  4.417962513079939924e-02  4.417962513079939924e-02  4.418634301345304716e-02  4.420070475017687933e-02
218 2181 1.739891e-03 1.160817e+01  4.417962513079939924e-02  4.418191908553779218e-02  4.418457563246974001e-02  4.419822453493248149e-02
219 2191 1.761346e-03 1.159965e+01  4.417962513079939924e-02  4.418047854416957965e-02  4.418634698675878020e-02  4.420475652584975046e-02
220 2201 1.661908e-03 1.152618e+01  4.417953439199213267e-02  4.417953439199213267e-02  4.418407048674694027e-02  4.419586216169665849e-02
221 2211 1.587209e-03 1.143618e+01  4.417715877890970866e-02  4.417715877890970866e-02  4.418379335295938987e-02  4.419960848042144702e-02
222 2221 1.691535e-03 1.099631e+01  4.417522868807195746e-02  4.417522868807195746e-02  4.418117149822740897e-02  4.419385645756773034e-02
223 2231 1.727342e-03 1.074686e+01  4.417427098875259528e-02  4.417427098875259528e-02  4.418277710020423327e-02  4.419607928128317653e-02
224 2241 1.811604e-03 1.054019e+01  4.417139852913401499e-02  4.417139852913401499e-02  4.417686438029570783e-02  4.418900147847439064e-02
225 2251 1.823994e-03 1.082861e+01  4.416857818901140376e-02  4.416857818901140376e-02  4.417766775445323285e-02  4.419058405801098988e-02
226 2261 1.831454e-03 1.125259e+01  4.416857818901140376e-02  4.417031136569134903e-02  4.417822339712295515e-02  4.419318757239080325e-02
227 2271 1.908848e-03 1.128406e+01  4.416857818901140376e-02  4.417069362111478853e-02  4.417673138869825100e-02  4.418453882500536500e-02
228 2281 2.114753e-03 1.266741e+01  4.416767644607507565e-02  4.416767644607507565e-02  4.417018539542492267e-02  4.418874606097709934e-02
229 2291 2.142262e-03 1.289109e+01  4.416018655324778497e-02  4.416018655324778497e-02  4.417965017836411601e-02  4.419566206151817611e-02
230 2301 2.178723e-03 1.307349e+01  4.416018655324778497e-02  4.416039159841013417e-02  4.416980461460843360e-02  4.417643121804789436e-02
231 2311 2.412737e-03 1.330791e+01  4.416018655324778497e-02  4.416035183051032764e-02  4.416830134085061865e-02  4.417637807226838104e-02
232 2321 2.743897e-03 1.405264e+01  4.415495902007454676e-02  4.415495902007454676e-02  4.416760815166440035e-02  4.420563761854006540e-02
233 2331 3.108212e-03 1.538015e+01  4.414892564171130074e-02  4.414892564171130074e-02  4.416217177926101689e-02  4.419567310894446932e-02
234 2341 3.800931e-03 1.634046e+01  4.414496598140125322e-02  4.414496598140125322e-02  4.415539269359257391e-02  4.420042812131783766e-02
235 2351 4.328002e-03 1.705488e+01  4.414093705467942580e-02  4.414093705467942580e-02  4.416774974898930728e-02  4.419208318182545753e-02
236 2361 5.464775e-03 1.784316e+01  4.412567297556944240e-02  4.412567297556944240e-02  4.414824584894144754e-02  4.416636080498474726e-02
237 2371 5.831144e-03 1.792882e+01  4.412567297556944240e-02  4.413487323862678308e-02  4.416018829086258701e-02  4.424283566441422622e-02
238 2381 6.816329e-03 1.812868e+01  4.412567297556944240e-02  4.412823431473573976e-02  4.417255556531562988e-02  4.421696031247872305e-02
239 2391 7.595049e-03 1.864783e+01  4.410230010675730145e-02  4.410230010675730145e-02  4.414765219969008642e-02  4.420990386842423708e-02
240 2401 7.966422e-03 1.974575e+01  4.409629359074949961e-02  4.409629359074949961e-02  4.416611631394515292e-02  4.427927944986867481e-02
241 2411 7.739211e-03 1.994909e+01  4.409629359074949961e-02  4.410802532458307779e-02  4.415270215606666160e-02  4.427181332656362350e-02
242 2421 8.079860e-03 2.108150e+01  4.409514907115934246e-02  4.409514907115934246e-02  4.413133991596331074e-02  4.428215949583635958e-02
243 2431 9.000414e-03 2.274944e+01  4.408896439295705710e-02  4.408896439295705710e-02  4.411932233480535953e-02  4.418188643208944416e-02
244 2441 9.803460e-03 2.533479e+01  4.405016748211885991e-02  4.405016748211885991e-02  4.414012101684482159e-02  4.420003264847577329e-02
245 2451 9.954369e-03 2.593240e+01  4.405016748211885991e-02  4.406129545810719139e-02  4.412328272655936801e-02  4.423115637337991096e-02
246 2461 9.365499e-03 2.613609e+01  4.405016748211885991e-02  4.406665745044823640e-02  4.413211560381455345e-02  4.426725495430076929e-02
247 2471 8.750915e-03 2.591556e+01  4.405016748211885991e-02  4.408899094238194483e-02  4.414496387449732412e-02  4.421541062790527998e-02
248 2481 8.787117e-03 2.663610e+01  4.405016748211885991e-02  4.407419372455462225e-02  4.412432956972422993e-02  4.425494218656574746e-02
249 2491 9.073440e-03 2.769493e+01  4.403913912549846377e-02  4.403913912549846377e-02  4.409177912098926483e-02  4.417920775936180766e-02
250 2501 8.818608e-03 2.798430e+01  4.403216112250828151e-02  4.403216112250828151e-02  4.409574603687382854e-02  4.411857373245657576e-02
251 2511 8.882892e-03 2.891980e+01  4.399624691690053740e-02  4.399624691690053740e-02  4.404666301834832959e-02  4.414341366936387623e-02
252 2521 9.185792e-03 2.998145e+01  4.396508327873513422e-02  4.396508327873513422e-02  4.405411890096573579e-02  4.413669589505106461e-02
253 2531 9.764125e-03 3.048209e+01  4.396508327873513422e-02  4.397283899534121243e-02  4.404889673266806915e-02  4.421685673616163048e-02
254 2541 9.752983e-03 3.194181e+01  4.396508327873513422e-02  4.397745152417881220e-02  4.407201014398779565e-02  4.418879499314563863e-02
255 2551 1.045523e-02 3.353747e+01  4.396508327873513422e-02  4.397503557544194669e-02  4.400552350045675021e-02  4.411887828023915159e-02
256 2561 1.115912e-02 3.522359e+01  4.396508327873513422e-02  4.398126418127394632e-02  4.402219513812047347e-02  4.413946583169438970e-02
257 2571 1.133199e-02 3.700658e+01  4.389844989125715746e-02  4.389844989125715746e-02  4.403510159155477055e-02  4.416396448995631857e-02
258 2581 1.257958e-02 4.143514e+01  4.389844989125715746e-02  4.394153238573147990e-02  4.399669862458287228e-02  4.417342614642986998e-02
259 2591 1.444545e-02 4.712767e+01  4.368749252584234327e-02  4.368749252584234327e-02  4.398337558131642372e-02  4.418935580485528619e-02
260 2601 1.568106e-02 4.881136e+01  4.368749252584234327e-02  4.375631996723170630e-02  4.388984623194678442e-02  4.412207735559948996e-02
261 2611 1.512175e-02 4.997617e+01  4.368749252584234327e-02  4.373796467438630098e-02  4.389932833753928954e-02  4.434827481303257185e-02
262 2621 1.348780e-02 5.029566e+01  4.368749252584234327e-02  4.371584907234865591e-02  4.383607862798049454e-02  4.401842717654888548e-02
263 2631 1.367339e-02 5.521709e+01  4.362556547854452849e-02  4.362556547854452849e-02  4.375772134651563505e-02  4.397156709103131056e-02
264 2641 1.395043e-02 5.510888e+01  4.362556547854452849e-02  4.365085980199944621e-02  4.383222957401182451e-02  4.401255866560027652e-02
265 2651 1.480833e-02 5.520240e+01  4.362556547854452849e-02  4.367385457920224673e-02  4.388899296250547977e-02  4.404601274407818345e-02
266 2661 1.398315e-02 5.623101e+01  4.357426397076855085e-02  4.357426397076855085e-02  4.378239768047785530e-02  4.410200506910418039e-02
267 2671 1.304480e-02 5.577062e+01  4.357426397076855085e-02  4.360233005510527615e-02  4.373378913166896254e-02  4.399897596636660746e-02
268 2681 1.218801e-02 5.596609e+01  4.356196511819793171e-02  4.356196511819793171e-02  4.367476502575948910e-02  4.389111964666297244e-02
269 2691 1.123673e-02 5.605370e+01  4.356196511819793171e-02  4.356485294101403866e-02  4.369119035977921117e-02  4.382270382414831661e-02
270 2701 1.092461e-02 5.583571e+01  4.356196511819793171e-02  4.361363703017494958e-02  4.370428634286439851e-02  4.397263921075167392e-02
271 2711 1.065371e-02 5.619009e+01  4.356196511819793171e-02  4.357233318032985303e-02  4.374310661452911891e-02  4.397171826986225052e-02
272 2721 1.082084e-02 6.054069e+01  4.354043602215394021e-02  4.354043602215394021e-02  4.362317549538613504e-02  4.380919338881480302e-02
273 2731 1.068705e-02 6.270926e+01  4.353848442181105366e-02  4.353848442181105366e-02  4.364294780144860331e-02  4.374126739008511733e-02
274 2741 1.172880e-02 6.905173e+01  4.343687988363426761e-02  4.343687988363426761e-02  4.357383848712775842e-02  4.387253929069627467e-02
275 2751 1.244992e-02 6.956280e+01  4.343687988363426761e-02  4.344789303052162127e-02  4.354438046903099518e-02  4.376077566857070750e-02
276 2761 1.297843e-02 7.133976e+01  4.343003216628688740e-02  4.343003216628688740e-02  4.356430360851006045e-02  4.369474117164093979e-02
277 2771 1.425112e-02 7.558137e+01  4.342790873862600182e-02  4.342790873862600182e-02  4.353725426740229915e-02  4.375240164571913420e-02
278 2781 1.500763e-02 8.075606e+01  4.340041852384605298e-02  4.340041852384605298e-02  4.355122502543311985e-02  4.371097370537393306e-02
279 2791 1.472603e-02 8.277614e+01  4.334487803547345391e-02  4.334487803547345391e-02  4.349286344193538378e-02  4.361621209818726530e-02
280 2801 1.615950e-02 8.782377e+01  4.325081537891128924e-02  4.325081537891128924e-02  4.348342416048468773e-02  4.358928863513647500e-02
281 2811 1.653825e-02 8.993164e+01  4.321231646714719654e-02  4.321231646714719654e-02  4.349217229960934683e-02  4.364305757220949405e-02
282 2821 1.718153e-02 9.146874e+01  4.319095573387857906e-02  4.319095573387857906e-02  4.340502179822518236e-02  4.371988687370478854e-02
283 2831 1.736507e-02 9.061476e+01  4.319095573387857906e-02  4.329798630961602390e-02  4.340654772025243080e-02  4.390492898296234625e-02
284 2841 1.673993e-02 9.147581e+01  4.319095573387857906e-02  4.325282320667066943e-02  4.337564005810672085e-02  4.348466943833378950e-02
285 2851 1.597026e-02 9.071904e+01  4.319095573387857906e-02  4.330758662191183661e-02  4.350437191071594017e-02  4.384892901713533658e-02
286 2861 1.452074e-02 9.079752e+01  4.315951270761413106e-02  4.315951270761413106e-02  4.352905011984570249e-02  4.377341728604246252e-02
287 2871 1.323792e-02 9.076143e+01  4.315951270761413106e-02  4.320587213937080590e-02  4.332059584421227294e-02  4.343896380964158699e-02
288 2881 1.132468e-02 9.051598e+01  4.315951270761413106e-02  4.316406197826919838e-02  4.336972488148845006e-02  4.364157904706691266e-02
289 2891 1.016315e-02 8.959793e+01  4.315951270761413106e-02  4.322798137962877152e-02  4.330700049106904481e-02  4.360077133955696238e-02
290 2901 1.006555e-02 8.974413e+01  4.312649965716035955e-02  4.312649965716035955e-02  4.325078708706603381e-02  4.349193816997718592e-02
291 2911 1.060127e-02 8.992322e+01  4.312649965716035955e-02  4.319496284184855955e-02  4.325975404999948815e-02  4.344694993405813499e-02
292 2921 1.208041e-02 9.047390e+01  4.312649965716035955e-02  4.314666871706739765e-02  4.324053520902378794e-02  4.335746913377973993e-02
293 2931 1.369451e-02 8.953690e+01  4.311496363998149062e-02  4.311496363998149062e-02  4.320205903746324183e-02  4.339002052786639779e-02
294 2941 1.387869e-02 8.879971e+01  4.311496363998149062e-02  4.313080300544204493e-02  4.316948718745551583e-02  4.328200694454187314e-02
295 2951 1.270114e-02 8.909027e+01  4.308424308132562108e-02  4.308424308132562108e-02  4.317100877786390900e-02  4.330276852032298451e-02
296 2961 1.144647e-02 8.923721e+01  4.308424308132562108e-02  4.314757144012050516e-02  4.321686830663982321e-02  4.344654064995565057e-02
297 2971 1.098638e-02 8.903830e+01  4.308424308132562108e-02  4.316043305969288063e-02  4.318914015799792117e-02  4.335968609261578455e-02
298 2981 1.020674e-02 8.909905e+01  4.308424308132562108e-02  4.313798342631665339e-02  4.317559008676458143e-02  4.325499994633223710e-02
299 2991 9.457284e-03 8.771715e+01  4.308424308132562108e-02  4.313809447799005908e-02  4.319885004152422547e-02  4.332608025636856125e-02
300 3001 8.861942e-03 8.752096e+01  4.308424308132562108e-02  4.309036716298594860e-02  4.314270884880688078e-02  4.326603618887316788e-02
301 3011 8.184300e-03 8.778211e+01  4.308424308132562108e-02  4.311865138603356712e-02  4.316411764677372670e-02  4.325569953720938277e-02
302 3021 8.106924e-03 8.690346e+01  4.308424308132562108e-02  4.310333840313245596e-02  4.314362233857554907e-02  4.321349428612001470e-02
303 3031 8.372336e-03 8.748461e+01  4.307448296090959916e-02  4.307448296090959916e-02  4.314815587776071881e-02  4.324530811079439763e-02
304 3041 8.202504e-03 8.758613e+01  4.306669849116640664e-02  4.306669849116640664e-02  4.312319922237562581e-02  4.319657288683122209e-02
305 3051 7.755413e-03 8.679653e+01  4.306669849116640664e-02  4.309474151629284072e-02  4.313796892926648890e-02  4.324988333185764144e-02
306 3061 6.909428e-03 8.658348e+01  4.306669849116640664e-02  4.309432396806194693e-02  4.310989187674790779e-02  4.316982031689954591e-02
307 3071 6.703505e-03 8.226261e+01  4.306669849116640664e-02  4.308161079944031191e-02  4.310752613852193715e-02  4.315814681675417264e-02
308 3081 5.884807e-03 8.193895e+01  4.306669849116640664e-02  4.307921309579192115e-02  4.311182022664776514e-02  4.320056344226362588e-02
309 3091 5.520143e-03 8.148187e+01  4.306669849116640664e-02  4.306877760358741869e-02  4.310705602206585385e-02  4.318059806964176517e-02
310 3101 5.285674e-03 8.029331e+01  4.306669849116640664e-02  4.307610821840088255e-02  4.309879589416144852e-02  4.313935241097029832e-02
311 3111 5.134420e-03 7.909270e+01  4.306669849116640664e-02  4.307419579112603536e-02  4.308909062349305930e-02  4.316465477268600914e-02
312 3121 4.719016e-03 7.894531e+01  4.306525123650442599e-02  4.306525123650442599e-02  4.308485127939198911e-02  4.311812101777731665e-02
313 3131 4.662438e-03 7.889528e+01  4.305756196031644556e-02  4.305756196031644556e-02  4.308372502209366350e-02  4.309691120457605218e-02
314 3141 4.338502e-03 7.880076e+01  4.305461635498614853e-02  4.305461635498614853e-02  4.306513470210940331e-02  4.308258798989875182e-02
315 3151 4.070259e-03 7.853849e+01  4.305461635498614853e-02  4.305654930265100100e-02  4.307371957756307712e-02  4.311245594380195417e-02
316 3161 4.044218e-03 7.826123e+01  4.305461635498614853e-02  4.305468940115959181e-02  4.307030396574387798e-02  4.308141558483509492e-02
317 3171 4.078666e-03 7.731345e+01  4.305461635498614853e-02  4.305641081371026913e-02  4.307629172645106863e-02  4.310164151129681348e-02
318 3181 3.727787e-03 7.695445e+01  4.305461635498614853e-02  4.306038626273354236e-02  4.306535148409090796e-02  4.310005338311562184e-02
319 3191 3.267035e-03 7.754244e+01  4.305379081244416206e-02  4.305379081244416206e-02  4.306951559838153448e-02  4.310106535854781734e-02
320 3201 2.886989e-03 7.682849e+01  4.305379081244416206e-02  4.305386073747217990e-02  4.306135892174872692e-02  4.308001811074589626e-02
321 3211 2.620947e-03 7.681419e+01  4.305359076579816369e-02  4.305359076579816369e-02  4.306050901358743355e-02  4.307685863775292251e-02
322 3221 2.493446e-03 7.666821e+01  4.305359076579816369e-02  4.305412283804405105e-02  4.305852913892917189e-02  4.308982839569086565e-02
323 3231 2.438210e-03 7.613627e+01  4.305297797830015538e-02  4.305297797830015538e-02  4.306073720681782846e-02  4.307980450582649806e-02
324 3241 2.420565e-03 7.512237e+01  4.305297797830015538e-02  4.305387790665655967e-02  4.305472478931694769e-02  4.306852885918708435e-02
325 3251 2.423448e-03 7.408010e+01  4.305297797830015538e-02  4.305355884531634342e-02  4.305843894045836839e-02  4.306765003202390335e-02
326 3261 2.297311e-03 7.288980e+01  4.305242068783588644e-02  4.305242068783588644e-02  4.305932685248910208e-02  4.307103324122980165e-02
327 3271 2.295853e-03 7.192576e+01  4.305242068783588644e-02  4.305322415767732364e-02  4.305641912956095774e-02  4.306235394392032151e-02
328 3281 2.459237e-03 6.935184e+01  4.305177138410055948e-02  4.305177138410055948e-02  4.305569559720811429e-02  4.306248986058933831e-02
329 3291 2.433922e-03 6.876791e+01  4.305177138410055948e-02  4.305283746094031722e-02  4.305620850666777577e-02  4.306109948972375312e-02
330 3301 2.376046e-03 6.873012e+01  4.305177138410055948e-02  4.305210896997561237e-02  4.305301681077738918e-02  4.305908719505031901e-02
331 3311 2.258882e-03 6.872811e+01  4.305177138410055948e-02  4.305244347646083880e-02  4.305783773168514461e-02  4.306354670765635134e-02
332 3321 2.027400e-03 6.866934e+01  4.305177138410055948e-02  4.305383411249271569e-02  4.305947143822581175e-02  4.306725809332393601e-02
333 3331 1.861126e-03 6.852291e+01  4.305177138410055948e-02  4.305217083675504097e-02  4.305396371468601935e-02  4.306398521274892172e-02
334 3341 1.742318e-03 6.690397e+01  4.305177138410055948e-02  4.305270621852309854e-02  4.305461101986927941e-02  4.305732108979345302e-02
335 3351 1.582329e-03 6.491985e+01  4.305135160009501000e-02  4.305135160009501000e-02  4.305566730379570273e-02  4.306316860675806629e-02
336 3361 1.548269e-03 6.470958e+01  4.305135160009501000e-02  4.305277253632225354e-02  4.305455725614746459e-02  4.306183612861616550e-02
337 3371 1.397169e-03 6.475911e+01  4.305135160009501000e-02  4.305176149035660343e-02  4.305280606130400256e-02  4.305728050099364573e-02
338 3381 1.176586e-03 6.420098e+01  4.305126876140303455e-02  4.305126876140303455e-02  4.305318031526568501e-02  4.305725054458130197e-02
339 3391 1.108235e-03 6.349895e+01  4.305126876140303455e-02  4.305163885649559985e-02  4.305264854027818222e-02  4.305388868173781053e-02
340 3401 1.099235e-03 6.301634e+01  4.305126876140303455e-02  4.305193888365651395e-02  4.305237365857997323e-02  4.305339371826628903e-02
341 3411 1.085932e-03 6.295741e+01  4.305126876140303455e-02  4.305160008146927814e-02  4.305336545735594100e-02  4.305623060255449330e-02
342 3421 1.101915e-03 6.115477e+01  4.305126876140303455e-02  4.305174373158802970e-02  4.305346694951248110e-02  4.305617956320739736e-02
343 3431 1.216662e-03 6.141678e+01  4.305126876140303455e-02  4.305164588701687611e-02  4.305297418083275235e-02  4.305696377711250300e-02
344 3441 1.259970e-03 6.109743e+01  4.305126876140303455e-02  4.305195209497273551e-02  4.305300033501956170e-02  4.305531815270163820e-02
345 3451 1.171216e-03 6.070762e+01  4.305126876140303455e-02  4.305226403830472726e-02  4.305332108996047513e-02  4.305414609378978297e-02
346 3461 1.107173e-03 5.994444e+01  4.305126876140303455e-02  4.305197116630513077e-02  4.305256669079879361e-02  4.305411269538364505e-02
347 3471 1.072518e-03 5.968316e+01  4.305126876140303455e-02  4.305165998390312471e-02  4.305258813133534812e-02  4.305632221017504507e-02
348 3481 1.090884e-03 5.906004e+01  4.305126876140303455e-02  4.305140810606115920e-02  4.305226879744716850e-02  4.305606073677487045e-02
349 3491 1.180017e-03 5.839442e+01  4.305126876140303455e-02  4.305185237790236374e-02  4.305230670152637718e-02  4.305510619752324353e-02
350 3501 1.195239e-03 5.798479e+01  4.305126876140303455e-02  4.305160768718972047e-02  4.305396019088813392e-02  4.305837130504936577e-02
351 3511 1.145003e-03 5.620781e+01  4.305126876140303455e-02  4.305238858675778518e-02  4.305413020041275185e-02  4.305586578459237590e-02
352 3521 1.145287e-03 5.556924e+01  4.305126876140303455e-02  4.305176909272475511e-02  4.305289454508710867e-02  4.305545228133292324e-02
353 3531 1.045449e-03 5.530775e+01  4.305126876140303455e-02  4.305213695040419758e-02  4.305299662371718517e-02  4.305479791292046721e-02
354 3541 9.340697e-04 5.482083e+01  4.305126876140303455e-02  4.305177093991784110e-02  4.305256056273733256e-02  4.305655279641356498e-02
355 3551 9.421714e-04 5.340199e+01  4.305126876140303455e-02  4.305179492659514523e-02  4.305243341400866175e-02  4.305388079827948689e-02
356 3561 1.015491e-03 5.331487e+01  4.305126876140303455e-02  4.305145465061208793e-02  4.305266359249894370e-02  4.305457976217153676e-02
357 3571 9.099125e-04 5.273575e+01  4.305126876140303455e-02  4.305165721156418990e-02  4.305272019872845302e-02  4.305650920482588517e-02
358 3581 8.346297e-04 5.133160e+01  4.305126876140303455e-02  4.305178421182832144e-02  4.305213123178539686e-02  4.305314521982066961e-02
359 3591 7.780943e-04 5.105751e+01  4.305126876140303455e-02  4.305177137249449615e-02  4.305230183417285694e-02  4.305463004871466770e-02
360 3601 6.955769e-04 4.992548e+01  4.305126876140303455e-02  4.305168022718122711e-02  4.305249193054816459e-02  4.305395875964994346e-02
361 3611 6.821958e-04 5.010728e+01  4.305126876140303455e-02  4.305198605310867760e-02  4.305232580261159764e-02  4.305332583617735298e-02
362 3621 6.803237e-04 4.875422e+01  4.305126876140303455e-02  4.305178642584064214e-02  4.305253473397352426e-02  4.305406714344971186e-02
363 3631 6.523916e-04 4.820942e+01  4.305126876140303455e-02  4.305183571779731821e-02  4.305275430527438774e-02  4.305338839465810974e-02
364 3641 6.607590e-04 4.836365e+01  4.305126876140303455e-02  4.305172600759313989e-02  4.305206532829172761e-02  4.305344752324662821e-02
365 3651 7.155461e-04 4.777823e+01  4.305126876140303455e-02  4.305151195034312428e-02  4.305223586063514074e-02  4.305259831877559368e-02
366 3661 7.097437e-04 4.759815e+01  4.305126876140303455e-02  4.305145750285990086e-02  4.305183788159171188e-02  4.305276871486152929e-02
367 3671 6.868391e-04 4.693460e+01  4.305126876140303455e-02  4.305157684621450931e-02  4.305207090210735194e-02  4.305387170089618881e-02
368 3681 6.509693e-04 4.673131e+01  4.305126876140303455e-02  4.305142378276478887e-02  4.305206108001669030e-02  4.305318448357951799e-02
369 3691 6.234537e-04 4.719040e+01  4.305126876140303455e-02  4.305171695587346747e-02  4.305226184768704001e-02  4.305339929566537327e-02
370 3701 5.660261e-04 4.683194e+01  4.305126876140303455e-02  4.305160215622863551e-02  4.305220855993522472e-02  4.305380025857818288e-02
371 3711 5.079870e-04 4.675134e+01  4.305126876140303455e-02  4.305153490606571098e-02  4.305275483711752671e-02  4.305413072415569670e-02
372 3721 4.813454e-04 4.514141e+01  4.305126876140303455e-02  4.305154140495512372e-02  4.305194201211569316e-02  4.305236933186466775e-02
373 3731 4.901243e-04 4.359303e+01  4.305126876140303455e-02  4.305150126745736772e-02  4.305189275652361591e-02  4.305253712523798154e-02
374 3741 5.042993e-04 4.335315e+01  4.305126876140303455e-02  4.305155530548435139e-02  4.305216752529201357e-02  4.305291767301347439e-02
375 3751 4.757298e-04 4.344243e+01  4.305126876140303455e-02  4.305159733586373660e-02  4.305202935894759941e-02  4.305304011882833681e-02
376 3761 4.164027e-04 4.341475e+01  4.305126876140303455e-02  4.305142165446027708e-02  4.305180563709225250e-02  4.305298774917122595e-02
377 3771 3.859770e-04 4.365252e+01  4.305126876140303455e-02  4.305162031621630886e-02  4.305179258214880678e-02  4.305228788518409427e-02
378 3781 3.792560e-04 4.373990e+01  4.305126876140303455e-02  4.305162858222305600e-02  4.305199209790793596e-02  4.305303435224454994e-02
379 3791 3.635696e-04 4.390285e+01  4.305126876140303455e-02  4.305152842292583187e-02  4.305212628759226556e-02  4.305251008662003970e-02
380 3801 3.196219e-04 4.382648e+01  4.305126876140303455e-02  4.305156577002297591e-02  4.305208909735196154e-02  4.305241624819342028e-02
381 3811 3.106798e-04 4.386326e+01  4.305126876140303455e-02  4.305146912070409448e-02  4.305178154257761902e-02  4.305226523647329162e-02
382 3821 2.873486e-04 4.476743e+01  4.305126876140303455e-02  4.305151432696677910e-02  4.305213294604824659e-02  4.305236238411578459e-02
383 3831 2.821877e-04 4.466991e+01  4.305126876140303455e-02  4.305157303197663238e-02  4.305220156161342071e-02  4.305251874765561593e-02
384 3841 2.817558e-04 4.494600e+01  4.305126876140303455e-02  4.305169822336510355e-02  4.305212545071000763e-02  4.305237738818468163e-02
385 3851 2.977015e-04 4.506466e+01  4.305126876140303455e-02  4.305173299097338202e-02  4.305220924896525220e-02  4.305241782279872753e-02
386 3861 3.131335e-04 4.508846e+01  4.305126876140303455e-02  4.305167117307411723e-02  4.305193298889647968e-02  4.305240600863900063e-02
387 3871 3.372323e-04 4.591170e+01  4.305126876140303455e-02  4.305167915527816080e-02  4.305197547119378465e-02  4.305268947878205382e-02
388 3881 3.274933e-04 4.596177e+01  4.305126876140303455e-02  4.305154952326285117e-02  4.305209889095216319e-02  4.305289416839033767e-02
389 3891 3.072373e-04 4.650548e+01  4.305126876140303455e-02  4.305164893969049000e-02  4.305197457141080736e-02  4.305251617797122010e-02
390 3901 3.175256e-04 4.687957e+01  4.305126876140303455e-02  4.305165416113197752e-02  4.305214807357057860e-02  4.305240320554767214e-02
391 3911 3.315072e-04 4.676503e+01  4.305126876140303455e-02  4.305165768544618604e-02  4.305197251907787181e-02  4.305266087326625052e-02
392 3921 3.187903e-04 4.665601e+01  4.305126876140303455e-02  4.305160359443057499e-02  4.305216314972293290e-02  4.305233327677084054e-02
393 3931 3.110052e-04 4.644032e+01  4.305126876140303455e-02  4.305174655488890750e-02  4.305209368917858187e-02  4.305256208258809864e-02
394 3941 2.936669e-04 4.589124e+01  4.305126876140303455e-02  4.305176733156790281e-02  4.305228516738410227e-02  4.305267136830760039e-02
395 3951 2.684828e-04 4.640988e+01  4.305126876140303455e-02  4.305189669549726317e-02  4.305215178021352257e-02  4.305292596305185931e-02
396 3961 2.434415e-04 4.643208e+01  4.305126876140303455e-02  4.305158908905293985e-02  4.305201597999075425e-02  4.305264634493753684e-02
397 3971 2.419061e-04 4.692326e+01  4.305126876140303455e-02  4.305157713059964975e-02  4.305217888806364690e-02  4.305238776572456461e-02
398 3981 2.295226e-04 4.699253e+01  4.305126876140303455e-02  4.305164505020077359e-02  4.305210852531513033e-02  4.305234088889333538e-02
399 3991 2.183184e-04 4.664958e+01  4.305126876140303455e-02  4.305168193065463111e-02  4.305193041149460442e-02  4.305233444855109670e-02
400 4001 2.138543e-04 4.653890e+01  4.305126876140303455e-02  4.305161297811455068e-02  4.305214835464556133e-02  4.305287441890091882e-02
401 4011 2.178504e-04 4.562459e+01  4.305126876140303455e-02  4.305161209725166804e-02  4.305238564226934045e-02  4.305295066306110557e-02
402 4021 2.287016e-04 4.638444e+01  4.305126876140303455e-02  4.305148675169091083e-02  4.305206282705173471e-02  4.305257503203256675e-02
403 4031 2.592846e-04 4.508699e+01  4.305126876140303455e-02  4.305151457514054536e-02  4.305205979444533954e-02  4.305234957240625798e-02
404 4041 2.867548e-04 4.550840e+01  4.305126876140303455e-02  4.305147643854651679e-02  4.305183209813318035e-02  4.305248806217826241e-02
405 4051 2.579919e-04 4.593823e+01  4.305126876140303455e-02  4.305150164832546866e-02  4.305197548801019403e-02  4.305227505729320586e-02
406 4061 2.325747e-04 4.543431e+01  4.305126876140303455e-02  4.305157436789617403e-02  4.305186568068543329e-02  4.305223675555929636e-02
407 4071 2.229326e-04 4.401135e+01  4.305126876140303455e-02  4.305161812153873030e-02  4.305197518772208715e-02  4.305247625229462194e-02
408 4081 2.301644e-04 4.222194e+01  4.305126876140303455e-02  4.305139676515223196e-02  4.305202868850908915e-02  4.305221933472032358e-02
409 4091 2.158079e-04 4.157450e+01  4.305126876140303455e-02  4.305146798474793202e-02  4.305172092938891470e-02  4.305217667358907790e-02
410 4101 1.996701e-04 4.128977e+01  4.305126876140303455e-02  4.305158315424466309e-02  4.305182136777904733e-02  4.305229256345107641e-02
411 4111 1.882594e-04 4.104051e+01  4.305126876140303455e-02  4.305143274195204900e-02  4.305182587775502334e-02  4.305220719501891280e-02
412 4121 1.843922e-04 4.025442e+01  4.305126876140303455e-02  4.305154553977505461e-02  4.305182292191775395e-02  4.305226713710107872e-02
413 4131 1.854172e-04 3.994421e+01  4.305126876140303455e-02  4.305151175174666556e-02  4.305172142385785272e-02  4.305190515734919066e-02
414 4141 1.820458e-04 4.148321e+01  4.305126876140303455e-02  4.305164354506950397e-02  4.305194664193386089e-02  4.305243645133483704e-02
415 4151 1.794741e-04 4.004229e+01  4.305126876140303455e-02  4.305155335926552640e-02  4.305189596604885177e-02  4.305287765999248756e-02
416 4161 1.903906e-04 3.970108e+01  4.305126876140303455e-02  4.305155921216458764e-02  4.305182524746929695e-02  4.305215159263026115e-02
417 4171 1.900308e-04 3.883233e+01  4.305126876140303455e-02  4.305156556284413238e-02  4.305191323782014273e-02  4.305217030106778253e-02
418 4181 1.875568e-04 3.931081e+01  4.305126876140303455e-02  4.305168633220152891e-02  4.305218756486770687e-02  4.305338793858575624e-02
419 4191 1.844278e-04 3.944312e+01  4.305126876140303455e-02  4.305160694092036860e-02  4.305186347958046139e-02  4.305213016370883911e-02
420 4201 1.979681e-04 3.875007e+01  4.305126876140303455e-02  4.305144175022516256e-02  4.305181171602091156e-02  4.305207752036285113e-02
421 4211 1.894406e-04 3.873520e+01  4.305126876140303455e-02  4.305151191100813762e-02  4.305197179890228598e-02  4.305225611459011226e-02
422 4221 1.735341e-04 3.831876e+01  4.305126876140303455e-02  4.305157065082409334e-02  4.305188372915476347e-02  4.305218433091388686e-02
423 4231 1.749707e-04 3.686486e+01  4.305126876140303455e-02  4.305170520107995391e-02  4.305199984911656230e-02  4.305225980625018711e-02
424 4241 1.792718e-04 3.639939e+01  4.305126876140303455e-02  4.305172447939960290e-02  4.305196716539637369e-02  4.305219544852127711e-02
425 4251 1.889271e-04 3.688301e+01  4.305126876140303455e-02  4.305160262280985362e-02  4.305184333397616553e-02  4.305241324140715586e-02
426 4261 1.990542e-04 3.816489e+01  4.305126876140303455e-02  4.305160103328346810e-02  4.305204637873943918e-02  4.305250491553192643e-02
427 4271 1.968726e-04 3.875130e+01  4.305126876140303455e-02  4.305176118957264320e-02  4.305211880884356190e-02  4.305249752577292033e-02
428 4281 1.782944e-04 3.915816e+01  4.305126876140303455e-02  4.305162292955677650e-02  4.305193966873963052e-02  4.305240183539812970e-02
429 4291 1.640822e-04 3.972058e+01  4.305126876140303455e-02  4.305155804003844150e-02  4.305194710524237744e-02  4.305207822776280224e-02
430 4301 1.527955e-04 3.966329e+01  4.305126876140303455e-02  4.305149433915506779e-02  4.305181109000457557e-02  4.305223848410701798e-02
431 4311 1.448622e-04 3.952401e+01  4.305126876140303455e-02  4.305154996113449289e-02  4.305194704841280862e-02  4.305210004066443996e-02
432 4321 1.408621e-04 3.945236e+01  4.305126876140303455e-02  4.305147498115242249e-02  4.305191403218215640e-02  4.305210124370972835e-02
433 4331 1.506658e-04 3.918278e+01  4.305126876140303455e-02  4.305148479307058934e-02  4.305190663940808293e-02  4.305221095558982303e-02
434 4341 1.564792e-04 3.887317e+01  4.305126876140303455e-02  4.305155841934067695e-02  4.305206774865687203e-02  4.305224124821190740e-02
435 4351 1.580682e-04 3.908968e+01  4.305126876140303455e-02  4.305149692123398653e-02  4.305186856454837341e-02  4.305214381548526370e-02
436 4361 1.709999e-04 3.940012e+01  4.305126876140303455e-02  4.305151223405546956e-02  4.305184839058839863e-02  4.305222717858097486e-02
437 4371 1.640075e-04 3.954348e+01  4.305126876140303455e-02  4.305146531180188696e-02  4.305169107513516502e-02  4.305204591855012891e-02
438 4381 1.531263e-04 3.913058e+01  4.305126876140303455e-02  4.305146633098948933e-02  4.305181903918528508e-02  4.305220261971413886e-02
439 4391 1.601245e-04 3.889478e+01  4.305126876140303455e-02  4.305156441005732193e-02  4.305194244888368993e-02  4.305218502322748220e-02
440 4401 1.664086e-04 3.928271e+01  4.305126876140303455e-02  4.305150944869329255e-02  4.305179719780467124e-02  4.305229309104581514e-02
441 4411 1.606173e-04 4.021471e+01  4.305126876140303455e-02  4.305154726768943563e-02  4.305178230412235602e-02  4.305208380040343591e-02
442 4421 1.608326e-04 4.034976e+01  4.305126876140303455e-02  4.305151419408922986e-02  4.305177317315442287e-02  4.305207149753076390e-02
443 4431 1.697482e-04 3.921378e+01  4.305126876140303455e-02  4.305179676878475442e-02  4.305196253400359052e-02  4.305218253893722952e-02
444 4441 1.578733e-04 4.061537e+01  4.305126876140303455e-02  4.305152411344779356e-02  4.305196516402849671e-02  4.305222809776889509e-02
445 4451 1.554538e-04 4.038676e+01  4.305126876140303455e-02  4.305151433511783532e-02  4.305204459985656484e-02  4.305227579138401484e-02
446 4461 1.532346e-04 4.086940e+01  4.305126876140303455e-02  4.305158763305391018e-02  4.305198424740253049e-02  4.305225712570446422e-02
447 4471 1.511511e-04 4.191366e+01  4.305126876140303455e-02  4.305153928608166508e-02  4.305186950862503747e-02  4.305225128138808616e-02
448 4481 1.442067e-04 4.123294e+01  4.305126876140303455e-02  4.305152976577366480e-02  4.305199958739921312e-02  4.305221448740309542e-02
449 4491 1.325671e-04 4.031398e+01  4.305126876140303455e-02  4.305156811265715283e-02  4.305191341707786251e-02  4.305225168782416539e-02
450 4501 1.209160e-04 3.910750e+01  4.305126876140303455e-02  4.305149598807765654e-02  4.305171251287615714e-02  4.305233841994397098e-02
451 4511 1.117827e-04 3.832569e+01  4.305126876140303455e-02  4.305153240744112597e-02  4.305180775554839218e-02  4.305222980717185455e-02
452 4521 1.054879e-04 3.894120e+01  4.305126876140303455e-02  4.305151166580565431e-02  4.305160288698796356e-02  4.305199576111982951e-02
453 4531 9.956800e-05 3.895843e+01  4.305126876140303455e-02  4.305147948965269006e-02  4.305174425221584139e-02  4.305217894129714784e-02
454 4541 9.243737e-05 3.897474e+01  4.305126876140303455e-02  4.305154070077760187e-02  4.305171202665540597e-02  4.305225038006123273e-02
455 4551 9.510178e-05 3.993305e+01  4.305126876140303455e-02  4.305151122753699683e-02  4.305198656449307770e-02  4.305223029038969529e-02
456 4561 9.564348e-05 4.032326e+01  4.305126876140303455e-02  4.305151758699654607e-02  4.305177341261021140e-02  4.305224781479838336e-02
457 4571 9.188308e-05 4.041242e+01  4.305126876140303455e-02  4.305146871477559534e-02  4.305171093030359802e-02  4.305218197784685397e-02
458 4581 8.949357e-05 4.013534e+01  4.305126876140303455e-02  4.305147039429121220e-02  4.305157901206494581e-02  4.305217126895987539e-02
459 4591 9.135296e-05 4.173816e+01  4.305126876140303455e-02  4.305153387465384535e-02  4.305189691801740437e-02  4.305222860766586002e-02
460 4601 9.066199e-05 4.169776e+01  4.305126876140303455e-02  4.305146006237638157e-02  4.305168629028971461e-02  4.305220237214954504e-02
461 4611 9.887873e-05 4.116207e+01  4.305126876140303455e-02  4.305147902028447909e-02  4.305172573968744226e-02  4.305221990825093548e-02
462 4621 1.053062e-04 4.114684e+01  4.305126876140303455e-02  4.305148557471277088e-02  4.305195409545805457e-02  4.305225915373218221e-02
463 4631 1.114652e-04 4.095587e+01  4.305126876140303455e-02  4.305152664872499702e-02  4.305202290414444910e-02  4.305229473442482441e-02
464 4641 1.057578e-04 4.182910e+01  4.305126876140303455e-02  4.305148714433795765e-02  4.305189313655295724e-02  4.305220823038696798e-02
465 4651 1.080269e-04 4.182418e+01  4.305126876140303455e-02  4.305147202614735547e-02  4.305177736280993428e-02  4.305221824862407592e-02
466 4661 1.085354e-04 4.112695e+01  4.305126876140303455e-02  4.305147532860302551e-02  4.305188000024557510e-02  4.305222822354042717e-02
467 4671 9.987589e-05 4.112355e+01  4.305126876140303455e-02  4.305151843786436672e-02  4.305163829126859576e-02  4.305204208376783165e-02
468 4681 9.643131e-05 4.088667e+01  4.305126876140303455e-02  4.305150697041076890e-02  4.305184669271746450e-02  4.305223525019743341e-02
469 4691 8.934255e-05 4.091227e+01  4.305126876140303455e-02  4.305147907313407185e-02  4.305160200407698312e-02  4.305216390754106059e-02
470 4701 8.000295e-05 4.104482e+01  4.305126876140303455e-02  4.305158617208194177e-02  4.305216724225720965e-02  4.305224429183905632e-02
471 4711 7.840380e-05 3.982066e+01  4.305126876140303455e-02  4.305148146050077895e-02  4.305166025370169708e-02  4.305219241138533853e-02
472 4721 7.561520e-05 3.919614e+01  4.305126876140303455e-02  4.305147997816250599e-02  4.305159726032290607e-02  4.305219878714364179e-02
473 4731 8.036362e-05 3.978155e+01  4.305126876140303455e-02  4.305145550026553275e-02  4.305206592627078277e-02  4.305223620793659917e-02
474 4741 8.860657e-05 3.732459e+01  4.305126876140303455e-02  4.305149970457512743e-02  4.305188044977587003e-02  4.305221455320957374e-02
475 4751 1.008484e-04 3.588524e+01  4.305126876140303455e-02  4.305152315978202915e-02  4.305159553045927179e-02  4.305225034526402594e-02
476 4761 9.999603e-05 3.558663e+01  4.305126876140303455e-02  4.305154354977233644e-02  4.305163976354781791e-02  4.305224926185367840e-02
477 4771 9.866637e-05 3.555219e+01  4.305126876140303455e-02  4.305148708034888666e-02  4.305168390871541573e-02  4.305215943949666085e-02
478 4781 9.068005e-05 3.566879e+01  4.305126876140303455e-02  4.305149471473766754e-02  4.305163265457144506e-02  4.305220821201043852e-02
479 4791 8.732473e-05 3.550601e+01  4.305126876140303455e-02  4.305148178524813296e-02  4.305153348105648231e-02  4.305221321223959285e-02
480 4801 8.298424e-05 3.518676e+01  4.305126876140303455e-02  4.305148272404931559e-02  4.305154010389145719e-02  4.305219202799893952e-02
481 4811 8.308874e-05 3.541616e+01  4.305126876140303455e-02  4.305146329419854562e-02  4.305157952459953696e-02  4.305225012104377247e-02
482 4821 7.783349e-05 3.547645e+01  4.305126876140303455e-02  4.305148013041638910e-02  4.305159718730137280e-02  4.305212926948105007e-02
483 4831 7.684892e-05 3.750664e+01  4.305126876140303455e-02  4.305149934529899081e-02  4.305154743176399512e-02  4.305218559690780072e-02
484 4841 7.883635e-05 4.107890e+01  4.305126876140303455e-02  4.305146621726840123e-02  4.305162498402832078e-02  4.305221764805120671e-02
485 4851 8.136879e-05 4.180864e+01  4.305126876140303455e-02  4.305146948413024477e-02  4.305153290018962076e-02  4.305222263405006355e-02
486 4861 8.085554e-05 4.234951e+01  4.305126876140303455e-02  4.305148884592902014e-02  4.305162105686065332e-02  4.305225113958421196e-02
487 4871 7.673959e-05 4.221300e+01  4.305126876140303455e-02  4.305146659615951416e-02  4.305157894271553071e-02  4.305224068682010630e-02
488 4881 7.422309e-05 4.267604e+01  4.305126876140303455e-02  4.305147976024746581e-02  4.305153683907766982e-02  4.305223937449365046e-02
489 4891 7.732653e-05 4.297388e+01  4.305126876140303455e-02  4.305149179145434379e-02  4.305191759175716615e-02  4.305226891911318604e-02
490 4901 7.746633e-05 4.227466e+01  4.305126876140303455e-02  4.305145599358160824e-02  4.305157608564942617e-02  4.305224541621711920e-02
491 4911 7.992739e-05 4.133046e+01  4.305126876140303455e-02  4.305145842279085172e-02  4.305159432097618866e-02  4.305223776034514810e-02
492 4921 8.259030e-05 4.194606e+01  4.305126876140303455e-02  4.305150628374269928e-02  4.305186773148063362e-02  4.305222413655050012e-02
493 4931 8.403687e-05 4.239027e+01  4.305126876140303455e-02  4.305148251509264418e-02  4.305167620851137189e-02  4.305219217155788897e-02
494 4941 8.267259e-05 4.263010e+01  4.305126876140303455e-02  4.305149175412441298e-02  4.305159273340147807e-02  4.305217801828058188e-02
495 4951 8.393330e-05 4.289271e+01  4.305126876140303455e-02  4.305146749416700197e-02  4.305158238272872862e-02  4.305220476110573069e-02
496 4961 7.942507e-05 4.262946e+01  4.305126876140303455e-02  4.305145415102024781e-02  4.305158010180962919e-02  4.305222938345704825e-02
497 4971 7.654756e-05 4.428825e+01  4.305126876140303455e-02  4.305145441184812793e-02  4.305152610456045720e-02  4.305224958433610111e-02
498 4981 7.294191e-05 4.594372e+01  4.305126876140303455e-02  4.305145187226586123e-02  4.305154444821282511e-02  4.305218606757085786e-02
499 4991 7.113533e-05 4.690347e+01  4.305126876140303455e-02  4.305147301322563569e-02  4.305184069687145038e-02  4.305224513489241955e-02
500 5001 7.109192e-05 4.671313e+01  4.305126876140303455e-02  4.305145733224782778e-02  4.305152522888662514e-02  4.305221962660554791e-02
