79 791  5.729715950542359215e-02 0 0 3.642091e-01 -5.779453e-02 1.069237e+00 4.857603e-01 6.393728e-01 2.901568e-01 1.030849e+00 1.004679e+00 9.675321e-02 
80 801  5.735215063846506311e-02 0 0 3.690430e-01 -2.103862e-01 1.056004e+00 6.238664e-01 6.636931e-01 2.002947e-01 1.011660e+00 9.019395e-01 1.044842e-01 
81 811  5.472950886551487815e-02 0 0 3.993603e-01 -3.951006e-02 1.042344e+00 5.723742e-01 6.483177e-01 2.869272e-01 9.879425e-01 9.755087e-01 1.032016e-01 
82 821  5.344931495262129212e-02 0 0 3.968594e-01 2.456172e-02 1.030607e+00 5.748842e-01 6.377697e-01 2.482853e-01 1.041875e+00 9.906164e-01 1.092259e-01 
83 831  5.187802665297903265e-02 0 0 4.373602e-01 -9.164858e-02 1.025282e+00 5.994905e-01 6.625405e-01 1.819104e-01 1.006829e+00 9.915091e-01 1.092477e-01 
84 841  5.234770310572502833e-02 0 0 4.055854e-01 -7.885902e-03 1.017067e+00 5.613909e-01 6.150838e-01 2.172705e-01 1.033457e+00 1.014828e+00 1.086080e-01 
85 851  5.318919626614405927e-02 0 0 3.649978e-01 -1.032452e-02 1.064854e+00 5.348814e-01 6.123484e-01 2.111939e-01 1.028188e+00 1.045408e+00 1.072287e-01 
86 861  5.400650781881154161e-02 0 0 4.216119e-01 -1.015136e-02 9.901441e-01 5.465469e-01 5.991704e-01 1.359219e-01 9.970217e-01 9.532179e-01 1.042797e-01 
87 871  5.321601083217540606e-02 0 0 4.136566e-01 -8.591642e-02 1.008005e+00 6.122757e-01 5.626888e-01 2.002202e-01 1.000181e+00 9.818081e-01 1.006707e-01 
88 881  5.274486899676832791e-02 0 0 3.830478e-01 -1.490459e-01 1.021338e+00 6.031275e-01 6.475565e-01 1.590814e-01 1.024664e+00 9.782849e-01 1.011885e-01 
89 891  5.539274178631426598e-02 0 0 4.093624e-01 5.050770e-02 1.006954e+00 5.232835e-01 5.754880e-01 1.325788e-01 1.000159e+00 9.489861e-01 1.037611e-01 
90 901  5.478279427438369209e-02 0 0 4.155056e-01 3.685925e-02 9.929422e-01 5.381291e-01 5.781130e-01 1.723002e-01 1.015148e+00 9.411997e-01 1.041678e-01 
91 911  5.373034331134205616e-02 0 0 4.065916e-01 2.801322e-02 9.851858e-01 5.592609e-01 5.625358e-01 1.784510e-01 1.000341e+00 9.662056e-01 1.074608e-01 
92 921  5.346017712773105945e-02 0 0 4.115038e-01 3.346235e-02 9.823553e-01 5.946864e-01 5.870037e-01 2.109154e-01 1.007933e+00 1.002032e+00 1.035651e-01 
93 931  5.211473401265026562e-02 0 0 4.399137e-01 -1.081982e-03 9.576192e-01 6.146282e-01 5.645133e-01 2.533401e-01 1.002412e+00 1.016201e+00 1.079259e-01 
94 941  5.282422502012273924e-02 0 0 4.010928e-01 -1.010763e-01 1.024259e+00 5.806198e-01 6.335261e-01 2.016957e-01 1.021098e+00 9.753984e-01 1.101416e-01 
95 951  5.202221431412889369e-02 0 0 4.277160e-01 -4.224721e-02 9.686012e-01 5.984336e-01 5.869486e-01 2.154446e-01 9.985056e-01 1.015369e+00 1.078343e-01 
96 961  5.124709600341469107e-02 0 0 4.410985e-01 -5.954136e-02 9.785494e-01 6.210253e-01 6.122319e-01 1.834566e-01 1.009301e+00 1.012105e+00 1.105299e-01 
97 971  5.272366771258363283e-02 0 0 4.367330e-01 8.403394e-03 9.649665e-01 6.329247e-01 6.028523e-01 1.866808e-01 9.961190e-01 1.008670e+00 1.170507e-01 
98 981  5.153084682369330621e-02 0 0 4.286007e-01 -8.765983e-02 9.766604e-01 6.040421e-01 5.966182e-01 1.680515e-01 1.006661e+00 9.878041e-01 1.122674e-01 
99 991  5.179951761978328351e-02 0 0 4.258596e-01 -9.705490e-03 9.740206e-01 5.976720e-01 5.946521e-01 1.687222e-01 1.020495e+00 1.007197e+00 1.079947e-01 
100 1001  5.252788148170538240e-02 0 0 4.170086e-01 2.990061e-02 9.831036e-01 5.922242e-01 5.760526e-01 1.791598e-01 1.010196e+00 9.974388e-01 1.076823e-01 
101 1011  5.120282483459184103e-02 0 0 4.277963e-01 4.041074e-03 1.006994e+00 6.224198e-01 5.982031e-01 1.975079e-01 1.011572e+00 9.987663e-01 1.105581e-01 
102 1021  5.052758144110460620e-02 0 0 4.315037e-01 -5.265769e-02 1.030198e+00 6.512184e-01 5.919756e-01 1.687993e-01 1.027451e+00 1.007855e+00 1.119546e-01 
103 1031  5.095800413370035753e-02 0 0 4.328651e-01 -4.947783e-02 1.010150e+00 6.418777e-01 6.013410e-01 2.140364e-01 1.031833e+00 9.981781e-01 1.108978e-01 
104 1041  5.119164519665690000e-02 0 0 4.283519e-01 -1.041732e-02 9.999899e-01 6.676510e-01 5.962718e-01 1.682474e-01 1.027776e+00 1.014568e+00 1.157656e-01 
105 1051  5.083102169436742868e-02 0 0 4.441282e-01 -2.328737e-03 9.656149e-01 6.811386e-01 5.745911e-01 2.241350e-01 1.038255e+00 1.025007e+00 1.097835e-01 
106 1061  5.170180106009754362e-02 0 0 4.308444e-01 -3.791820e-02 9.925378e-01 6.656394e-01 5.965069e-01 1.681716e-01 1.020765e+00 1.012513e+00 1.045195e-01 
107 1071  5.093376328633507366e-02 0 0 4.203342e-01 1.365937e-03 9.806540e-01 6.406021e-01 5.902928e-01 1.403717e-01 1.020255e+00 1.003050e+00 1.112651e-01 
108 1081  5.018740612436531356e-02 0 0 4.320199e-01 -3.436454e-02 9.712843e-01 6.768815e-01 6.002524e-01 1.202639e-01 1.029284e+00 1.020650e+00 1.140499e-01 
109 1091  5.015416992949273123e-02 0 0 4.299074e-01 -3.922178e-02 9.652298e-01 6.908131e-01 5.822429e-01 1.186851e-01 1.004847e+00 9.998011e-01 1.141216e-01 
110 1101  5.073663856558385810e-02 0 0 4.056991e-01 3.934036e-03 9.788899e-01 6.903932e-01 5.682106e-01 1.389959e-01 9.982310e-01 1.037282e+00 1.065867e-01 
111 1111  5.078669380300040309e-02 0 0 4.319152e-01 -3.022536e-02 9.844050e-01 6.773476e-01 5.715409e-01 1.710758e-01 1.003890e+00 1.012076e+00 1.139924e-01 
112 1121  5.085274831661140693e-02 0 0 4.245838e-01 -7.227792e-03 9.749801e-01 6.505456e-01 5.856886e-01 1.539729e-01 1.013488e+00 1.001788e+00 1.116295e-01 
113 1131  5.058195353094534219e-02 0 0 4.055356e-01 -1.432920e-02 9.611598e-01 6.571507e-01 5.858231e-01 1.264415e-01 1.005645e+00 9.991208e-01 1.142600e-01 
114 1141  5.066418538898698198e-02 0 0 4.101173e-01 -1.318859e-02 9.667907e-01 6.631199e-01 5.782111e-01 1.406616e-01 1.001344e+00 9.980603e-01 1.100316e-01 
115 1151  5.046467411910014744e-02 0 0 4.154293e-01 -2.024261e-04 9.711050e-01 6.870101e-01 5.733160e-01 1.499339e-01 1.005655e+00 1.008933e+00 1.124079e-01 
116 1161  5.029556407507456556e-02 0 0 4.175435e-01 -1.862387e-02 9.782310e-01 6.894339e-01 5.815035e-01 1.442952e-01 1.001614e+00 1.004136e+00 1.138966e-01 
117 1171  5.020465616674765763e-02 0 0 4.160905e-01 -3.128257e-03 9.725922e-01 6.887329e-01 5.812326e-01 1.400433e-01 9.989222e-01 1.005157e+00 1.118891e-01 
118 1181  5.003548040887925707e-02 0 0 4.156268e-01 4.799332e-04 9.678623e-01 6.877978e-01 5.862349e-01 1.251328e-01 1.011351e+00 1.002422e+00 1.123924e-01 
119 1191  4.958016159100086390e-02 0 0 4.242427e-01 -2.778751e-02 9.656300e-01 7.184743e-01 6.024177e-01 1.279289e-01 1.008440e+00 1.002322e+00 1.133618e-01 
120 1201  4.946698237967830925e-02 0 0 4.136034e-01 -3.493686e-03 9.722532e-01 7.012805e-01 5.950463e-01 1.152683e-01 1.007196e+00 1.001878e+00 1.121015e-01 
121 1211  4.924789865244948162e-02 0 0 4.201259e-01 -1.934557e-02 9.740544e-01 7.097890e-01 6.047023e-01 1.025894e-01 1.014760e+00 1.004612e+00 1.142141e-01 
122 1221  4.901937910365626594e-02 0 0 3.988424e-01 -3.617691e-02 9.899453e-01 6.970988e-01 6.028610e-01 9.547164e-02 1.018104e+00 9.983786e-01 1.134460e-01 
123 1231  4.891284687353435884e-02 0 0 4.099114e-01 -4.174086e-02 1.006884e+00 7.175214e-01 6.196679e-01 8.029386e-02 1.009444e+00 9.979924e-01 1.162686e-01 
124 1241  4.860196043444565961e-02 0 0 4.121522e-01 -1.840660e-02 9.833693e-01 7.315949e-01 5.797261e-01 8.873653e-02 1.007473e+00 1.020640e+00 1.125319e-01 
125 1251  4.831484856118462012e-02 0 0 3.970602e-01 -2.230513e-02 1.005401e+00 7.123633e-01 5.954751e-01 6.560234e-02 1.006706e+00 9.930210e-01 1.117580e-01 
126 1261  4.813165740651641905e-02 0 0 3.964554e-01 -8.201851e-03 9.896508e-01 7.143135e-01 6.029666e-01 6.176426e-02 1.006421e+00 1.000034e+00 1.134966e-01 
127 1271  4.802484969942956428e-02 0 0 3.951757e-01 -2.159666e-03 9.844003e-01 7.333172e-01 5.873113e-01 5.473318e-02 1.011381e+00 9.924894e-01 1.115624e-01 
128 1281  4.828249914925249880e-02 0 0 3.959777e-01 -1.590252e-02 9.888312e-01 7.246867e-01 6.049345e-01 6.441944e-02 1.016129e+00 9.968852e-01 1.137088e-01 
129 1291  4.773573428371680194e-02 0 0 3.965993e-01 -2.122787e-02 9.935156e-01 7.242267e-01 6.037854e-01 5.281450e-02 1.009652e+00 1.000758e+00 1.122129e-01 
130 1301  4.738107884821059212e-02 0 0 3.828753e-01 -1.109124e-02 1.003230e+00 7.415558e-01 6.018124e-01 1.024664e-02 1.010152e+00 1.001199e+00 1.140587e-01 
131 1311  4.694628589612447056e-02 0 0 3.823044e-01 -3.045012e-02 1.010843e+00 7.595105e-01 6.162047e-01 5.919822e-03 1.016931e+00 1.004374e+00 1.130211e-01 
132 1321  4.753630157799353106e-02 0 0 3.741872e-01 -4.191925e-03 1.016130e+00 7.436147e-01 6.051123e-01 -2.254133e-04 1.004248e+00 9.922973e-01 1.095862e-01 
133 1331  4.704928395117476125e-02 0 0 3.835577e-01 5.176525e-03 1.021858e+00 7.579150e-01 6.093939e-01 8.224250e-03 1.013417e+00 9.998137e-01 1.131699e-01 
134 1341  4.748685499955348360e-02 0 0 3.826636e-01 1.577208e-02 1.007052e+00 7.545691e-01 6.012945e-01 -3.547301e-03 1.004592e+00 9.908047e-01 1.129477e-01 
135 1351  4.682330252908090129e-02 0 0 3.999269e-01 1.059259e-02 9.959330e-01 7.845263e-01 6.041887e-01 7.881506e-03 1.010634e+00 1.002560e+00 1.160790e-01 
136 1361  4.687930347548272675e-02 0 0 3.951788e-01 -5.593536e-03 1.003153e+00 7.644486e-01 6.114816e-01 1.102424e-02 1.009843e+00 1.001012e+00 1.153003e-01 
137 1371  4.680385577751901977e-02 0 0 3.870299e-01 -8.074647e-03 1.006326e+00 7.810775e-01 6.213222e-01 -9.525156e-04 1.010623e+00 9.953661e-01 1.141100e-01 
138 1381  4.648400156859387733e-02 0 0 3.954052e-01 -1.297421e-02 9.979626e-01 7.890124e-01 6.294759e-01 -3.224856e-02 9.991300e-01 1.004434e+00 1.149945e-01 
139 1391  4.675541167541084897e-02 0 0 3.900853e-01 5.594049e-03 9.931992e-01 7.775516e-01 6.045316e-01 -7.146741e-03 1.011023e+00 1.003788e+00 1.132446e-01 
140 1401  4.653511314399364635e-02 0 0 4.043253e-01 3.464586e-03 9.856935e-01 8.052698e-01 5.946292e-01 1.054962e-02 1.013975e+00 1.021459e+00 1.136298e-01 
141 1411  4.629590311500368649e-02 0 0 4.024072e-01 1.095136e-02 9.841016e-01 8.323386e-01 6.196306e-01 -1.422322e-02 1.007259e+00 1.005134e+00 1.139729e-01 
142 1421  4.625882530931594433e-02 0 0 4.103019e-01 -7.801354e-03 9.765959e-01 8.309175e-01 5.972984e-01 1.179248e-02 1.010545e+00 1.010250e+00 1.156824e-01 
143 1431  4.619943168893158453e-02 0 0 3.959773e-01 1.380863e-02 1.004187e+00 8.418776e-01 6.000189e-01 -1.254099e-02 1.012611e+00 1.012366e+00 1.134846e-01 
144 1441  4.577708035977288981e-02 0 0 3.979141e-01 -1.097760e-02 1.015578e+00 8.744665e-01 6.231942e-01 -2.559408e-02 1.010691e+00 9.988114e-01 1.148907e-01 
145 1451  4.549678948498078052e-02 0 0 4.076067e-01 -1.701950e-02 9.913260e-01 8.947380e-01 6.107067e-01 -1.594604e-02 1.013985e+00 1.016682e+00 1.134951e-01 
146 1461  4.543678331857542441e-02 0 0 4.152968e-01 -1.208157e-02 9.859173e-01 8.909069e-01 6.088715e-01 -1.867248e-02 1.010860e+00 1.007749e+00 1.162923e-01 
147 1471  4.506751242940153918e-02 0 0 4.239475e-01 -1.800077e-02 9.969806e-01 9.010562e-01 6.275804e-01 -5.350828e-02 1.008918e+00 1.000761e+00 1.170640e-01 
148 1481  4.519635974595816869e-02 0 0 4.193018e-01 -1.709869e-04 9.883742e-01 9.079615e-01 6.134108e-01 -1.713732e-02 1.002099e+00 1.001946e+00 1.164421e-01 
149 1491  4.507244378838823340e-02 0 0 4.173924e-01 -1.427738e-02 9.938923e-01 9.122688e-01 6.296991e-01 -1.489165e-02 1.010355e+00 1.014448e+00 1.167451e-01 
150 1501  4.498666766681727602e-02 0 0 4.297522e-01 5.794749e-05 9.874756e-01 9.402525e-01 6.195836e-01 1.450699e-02 1.000290e+00 1.014637e+00 1.161352e-01 
151 1511  4.465792042923699690e-02 0 0 4.188840e-01 2.575459e-03 9.959560e-01 9.616365e-01 6.319040e-01 -1.057582e-02 9.967302e-01 1.011319e+00 1.152903e-01 
152 1521  4.478002132130919077e-02 0 0 4.126181e-01 3.890660e-03 1.004304e+00 9.818644e-01 6.257771e-01 -3.828987e-04 9.944743e-01 1.000805e+00 1.148537e-01 
153 1531  4.513669438981874477e-02 0 0 4.112013e-01 -3.198268e-02 1.004244e+00 9.357957e-01 6.144481e-01 1.456448e-02 1.000271e+00 9.979105e-01 1.143555e-01 
154 1541  4.504149144254413623e-02 0 0 4.081086e-01 2.919446e-03 9.927858e-01 9.881246e-01 6.043838e-01 -1.553091e-02 1.005283e+00 1.009182e+00 1.142131e-01 
155 1551  4.504889593692527200e-02 0 0 4.282123e-01 -8.186769e-03 9.631039e-01 9.630058e-01 5.718897e-01 -1.264481e-02 1.001552e+00 1.023262e+00 1.143998e-01 
156 1561  4.457688426257080949e-02 0 0 4.277122e-01 -8.789518e-03 9.991613e-01 9.918256e-01 5.764772e-01 1.674139e-02 1.004990e+00 1.005772e+00 1.144724e-01 
157 1571  4.450000992280699064e-02 0 0 4.355546e-01 -1.282288e-02 1.001323e+00 1.054092e+00 5.883148e-01 1.833235e-02 1.004408e+00 9.982491e-01 1.165777e-01 
158 1581  4.495069738484438332e-02 0 0 4.324641e-01 -2.376690e-02 9.773863e-01 1.049981e+00 5.647774e-01 3.769702e-02 1.000936e+00 1.014600e+00 1.112662e-01 
159 1591  4.438552261969262031e-02 0 0 4.355085e-01 -2.478804e-02 9.784249e-01 1.017899e+00 5.994971e-01 4.410294e-03 1.008241e+00 1.021816e+00 1.166791e-01 
160 1601  4.452979376956360535e-02 0 0 4.401603e-01 -1.095017e-02 1.002804e+00 1.025397e+00 6.040217e-01 3.812148e-02 1.009048e+00 1.009395e+00 1.163525e-01 
161 1611  4.452586442730238625e-02 0 0 4.394960e-01 -1.414084e-02 1.001355e+00 1.073012e+00 5.933750e-01 -1.882942e-02 1.008252e+00 1.001687e+00 1.193179e-01 
162 1621  4.472707922689534571e-02 0 0 4.173358e-01 -1.373124e-02 1.004186e+00 9.913581e-01 5.845109e-01 1.159963e-02 1.016353e+00 1.000379e+00 1.138259e-01 
163 1631  4.486328707463606291e-02 0 0 4.429524e-01 -1.894897e-02 9.895199e-01 1.102276e+00 5.692626e-01 3.403816e-02 1.014531e+00 9.998543e-01 1.142015e-01 
164 1641  4.474963571193616568e-02 0 0 4.253676e-01 4.747296e-03 9.953046e-01 1.022161e+00 5.757786e-01 1.011239e-02 1.014514e+00 1.002523e+00 1.122027e-01 
165 1651  4.479252499178433544e-02 0 0 4.318535e-01 7.234497e-03 9.869224e-01 1.037141e+00 5.882250e-01 7.548928e-03 1.007299e+00 9.960764e-01 1.170876e-01 
166 1661  4.457946363629584213e-02 0 0 4.277311e-01 -1.982222e-03 9.974167e-01 9.984073e-01 5.832079e-01 2.253413e-02 1.006227e+00 1.001030e+00 1.152645e-01 
167 1671  4.465159128613676448e-02 0 0 4.322969e-01 -2.950504e-03 9.949971e-01 1.009976e+00 5.870836e-01 2.025867e-02 1.006128e+00 1.002683e+00 1.168697e-01 
168 1681  4.455334650692416992e-02 0 0 4.297124e-01 -2.607604e-03 1.000418e+00 1.017661e+00 5.817843e-01 2.388685e-02 1.002865e+00 1.001474e+00 1.156567e-01 
169 1691  4.458964808649863720e-02 0 0 4.255774e-01 2.339365e-03 1.001585e+00 1.005516e+00 5.855504e-01 1.643445e-02 1.003250e+00 1.001950e+00 1.135110e-01 
170 1701  4.448529349569716601e-02 0 0 4.305118e-01 -5.489893e-03 1.000942e+00 1.008169e+00 5.962344e-01 9.114349e-03 1.002192e+00 1.006896e+00 1.143494e-01 
171 1711  4.449284289819438465e-02 0 0 4.307756e-01 -3.039373e-04 1.013033e+00 1.011746e+00 5.875066e-01 2.506545e-02 9.993628e-01 1.001163e+00 1.148311e-01 
172 1721  4.446779993939763143e-02 0 0 4.314455e-01 -2.388338e-03 1.003904e+00 1.011610e+00 5.930278e-01 2.138990e-02 9.973089e-01 1.000921e+00 1.156913e-01 
173 1731  4.440204596472865917e-02 0 0 4.399633e-01 8.399058e-03 1.001777e+00 1.017198e+00 6.015340e-01 -3.951717e-03 9.996671e-01 1.004605e+00 1.187437e-01 
174 1741  4.442360168525587294e-02 0 0 4.378629e-01 3.890389e-03 1.000630e+00 1.024316e+00 5.967095e-01 9.448122e-03 1.004121e+00 1.002310e+00 1.164931e-01 
175 1751  4.429801601759104229e-02 0 0 4.339491e-01 2.097055e-03 9.988883e-01 1.010831e+00 5.994285e-01 4.607319e-03 1.001679e+00 9.998177e-01 1.164392e-01 
176 1761  4.423842788283925687e-02 0 0 4.332702e-01 -1.640152e-03 1.001513e+00 1.009751e+00 6.032072e-01 1.895570e-03 1.002282e+00 1.007602e+00 1.159985e-01 
177 1771  4.424783680751863402e-02 0 0 4.307084e-01 -5.248646e-03 1.009387e+00 1.000195e+00 5.979209e-01 -4.883381e-04 1.000695e+00 1.000525e+00 1.168228e-01 
178 1781  4.423898078754925217e-02 0 0 4.348907e-01 -1.505426e-03 1.004944e+00 1.003829e+00 6.080360e-01 7.857135e-03 1.000612e+00 1.002286e+00 1.165206e-01 
179 1791  4.425810247740133430e-02 0 0 4.336046e-01 -6.357525e-04 1.003020e+00 1.002339e+00 6.022519e-01 9.171134e-03 9.999728e-01 1.000605e+00 1.164815e-01 
180 1801  4.425340854028753795e-02 0 0 4.273283e-01 -7.403550e-04 1.002571e+00 1.003106e+00 6.013585e-01 5.094768e-04 1.000391e+00 9.984362e-01 1.160273e-01 
181 1811  4.424591854867816754e-02 0 0 4.282166e-01 -3.834725e-04 1.005957e+00 1.015458e+00 6.028644e-01 -4.571189e-03 1.002194e+00 9.977661e-01 1.158840e-01 
182 1821  4.430382041861367914e-02 0 0 4.260599e-01 2.623800e-03 1.000178e+00 1.007733e+00 6.032264e-01 -5.313382e-03 1.001525e+00 9.984186e-01 1.154403e-01 
183 1831  4.430626620184260206e-02 0 0 4.278446e-01 -4.050612e-04 1.000496e+00 1.004268e+00 5.980450e-01 5.891539e-04 9.993133e-01 9.983755e-01 1.151944e-01 
184 1841  4.422442977432614053e-02 0 0 4.277854e-01 -5.855288e-03 1.004515e+00 1.002857e+00 6.056065e-01 -2.717734e-03 9.983394e-01 1.003033e+00 1.161011e-01 
185 1851  4.422255863526010355e-02 0 0 4.282588e-01 -6.251234e-03 1.004343e+00 1.001519e+00 6.058003e-01 3.381530e-04 9.999583e-01 1.000035e+00 1.166212e-01 
186 1861  4.424960594982860207e-02 0 0 4.281805e-01 -5.021794e-03 1.007275e+00 1.005755e+00 6.054525e-01 5.286171e-04 1.000861e+00 1.003345e+00 1.167609e-01 
187 1871  4.421644785375603015e-02 0 0 4.311853e-01 -1.281673e-03 1.003980e+00 1.000007e+00 6.034990e-01 5.022857e-03 1.000560e+00 1.001399e+00 1.163100e-01 
188 1881  4.420482493677824198e-02 0 0 4.300273e-01 -7.787990e-03 1.008117e+00 1.001857e+00 6.061168e-01 4.254412e-03 1.001351e+00 1.000075e+00 1.158780e-01 
189 1891  4.422644126177412149e-02 0 0 4.295492e-01 -4.913787e-03 1.003652e+00 9.992816e-01 6.056747e-01 6.225193e-03 1.000309e+00 1.000232e+00 1.161395e-01 
190 1901  4.420995085706717204e-02 0 0 4.295663e-01 -4.201667e-03 1.003291e+00 1.000036e+00 6.049117e-01 4.739209e-03 1.002682e+00 1.000827e+00 1.158876e-01 
191 1911  4.423430787665912078e-02 0 0 4.286143e-01 -2.776384e-03 1.001256e+00 9.998701e-01 6.051202e-01 6.142329e-03 1.001633e+00 1.001360e+00 1.155761e-01 
192 1921  4.422212699019147097e-02 0 0 4.312059e-01 -2.470879e-03 1.000460e+00 1.002042e+00 6.024634e-01 5.191073e-03 1.000970e+00 1.001356e+00 1.158755e-01 
193 1931  4.421021084248555333e-02 0 0 4.308828e-01 -4.132696e-03 1.000851e+00 1.003291e+00 6.033317e-01 4.425206e-03 1.000877e+00 1.001325e+00 1.160891e-01 
194 1941  4.418593086616224436e-02 0 0 4.293892e-01 -5.358789e-03 1.000659e+00 1.002793e+00 6.052630e-01 3.759362e-04 1.000928e+00 1.001130e+00 1.160613e-01 
195 1951  4.419291475739166308e-02 0 0 4.304442e-01 -5.093156e-03 1.002967e+00 1.001930e+00 6.042283e-01 4.682856e-04 1.001991e+00 1.002355e+00 1.160631e-01 
196 1961  4.420013892617232626e-02 0 0 4.283360e-01 -2.322706e-03 1.002396e+00 1.001396e+00 6.013937e-01 -1.665285e-03 1.000896e+00 1.000212e+00 1.161233e-01 
197 1971  4.419300814146427669e-02 0 0 4.296503e-01 -3.505202e-03 1.001164e+00 1.001227e+00 6.041146e-01 3.452354e-04 1.001529e+00 9.997625e-01 1.161243e-01 
198 1981  4.419164194437429083e-02 0 0 4.304317e-01 -2.630235e-03 1.001858e+00 1.004777e+00 6.040050e-01 -1.829293e-03 1.002163e+00 1.000187e+00 1.164481e-01 
199 1991  4.418729158107038979e-02 0 0 4.290730e-01 -3.792071e-03 1.001751e+00 1.002017e+00 6.058438e-01 -2.626761e-03 1.000497e+00 1.000510e+00 1.163881e-01 
200 2001  4.418746823323219108e-02 0 0 4.294911e-01 -1.394643e-03 1.000659e+00 1.001986e+00 6.038933e-01 -7.839856e-04 1.001536e+00 1.000363e+00 1.162411e-01 
201 2011  4.418528643248843812e-02 0 0 4.297468e-01 -3.665373e-03 1.000808e+00 1.001094e+00 6.061663e-01 3.477607e-05 1.000501e+00 1.002365e+00 1.164275e-01 
202 2021  4.418336614140738750e-02 0 0 4.299674e-01 -2.032461e-03 1.001826e+00 1.003175e+00 6.058455e-01 -2.349752e-03 1.000907e+00 1.001396e+00 1.163918e-01 
203 2031  4.418760642233119512e-02 0 0 4.290529e-01 -5.716634e-04 1.000105e+00 1.001627e+00 6.042785e-01 -2.187183e-03 1.001310e+00 1.001385e+00 1.162570e-01 
204 2041  4.418520273335034554e-02 0 0 4.286067e-01 -1.312157e-03 1.002215e+00 1.001100e+00 6.065172e-01 -3.796674e-03 1.000902e+00 1.000707e+00 1.163299e-01 
205 2051  4.419059207376258014e-02 0 0 4.293595e-01 -6.608562e-04 1.001602e+00 1.000181e+00 6.040275e-01 6.651807e-04 1.001163e+00 1.001920e+00 1.161388e-01 
206 2061  4.419161449103974765e-02 0 0 4.290843e-01 -1.271496e-03 1.002318e+00 1.000001e+00 6.039138e-01 6.057091e-04 1.001253e+00 1.001511e+00 1.161832e-01 
207 2071  4.419124073732627611e-02 0 0 4.291203e-01 -7.132873e-04 1.000862e+00 1.000861e+00 6.038926e-01 -2.385670e-03 1.001060e+00 1.001247e+00 1.163167e-01 
208 2081  4.418955135293725633e-02 0 0 4.293738e-01 -9.658611e-04 1.001003e+00 1.000727e+00 6.034966e-01 -1.494469e-03 1.000527e+00 1.001929e+00 1.162440e-01 
209 2091  4.418457613356609193e-02 0 0 4.300401e-01 -1.802937e-03 1.000322e+00 1.001348e+00 6.046732e-01 -1.737604e-03 1.000491e+00 1.001456e+00 1.162179e-01 
210 2101  4.418756985735752818e-02 0 0 4.297866e-01 -2.108571e-03 1.000011e+00 1.000191e+00 6.039025e-01 -3.192845e-04 1.000383e+00 1.000466e+00 1.161864e-01 
211 2111  4.418746805732322314e-02 0 0 4.292872e-01 -9.751815e-04 1.000777e+00 1.001321e+00 6.037959e-01 -1.819304e-03 1.000898e+00 1.001147e+00 1.161853e-01 
212 2121  4.418931892391009947e-02 0 0 4.295553e-01 -8.813237e-04 1.000426e+00 9.997348e-01 6.041846e-01 -1.358911e-03 1.000241e+00 1.000537e+00 1.161143e-01 
213 2131  4.418649516269886751e-02 0 0 4.298619e-01 -5.769592e-04 1.000584e+00 1.000776e+00 6.046313e-01 -4.525770e-05 1.000930e+00 1.000451e+00 1.161111e-01 
214 2141  4.418364047743900819e-02 0 0 4.298017e-01 -2.090025e-03 1.001276e+00 1.002214e+00 6.052556e-01 -1.273594e-03 1.000276e+00 1.000575e+00 1.162599e-01 
215 2151  4.418520776086263396e-02 0 0 4.294343e-01 -1.311267e-03 1.001193e+00 1.001752e+00 6.048177e-01 -4.939095e-04 1.000771e+00 1.000068e+00 1.161426e-01 
216 2161  4.418309580919342616e-02 0 0 4.293158e-01 -9.422909e-04 1.000243e+00 1.001470e+00 6.058895e-01 -1.231581e-03 1.000258e+00 1.000261e+00 1.160816e-01 
217 2171  4.417962513079939924e-02 0 0 4.298317e-01 -1.067976e-03 1.000257e+00 1.001256e+00 6.065143e-01 -6.934913e-04 1.000388e+00 1.001177e+00 1.162832e-01 
218 2181  4.418191908553779218e-02 0 0 4.294569e-01 -6.265387e-04 1.000872e+00 1.000852e+00 6.061248e-01 -5.070105e-05 1.000274e+00 1.000479e+00 1.163337e-01 
219 2191  4.418047854416957965e-02 0 0 4.298005e-01 -8.149470e-04 1.001429e+00 1.001503e+00 6.066317e-01 -6.182236e-04 1.000585e+00 1.000775e+00 1.163783e-01 
220 2201  4.417953439199213267e-02 0 0 4.297758e-01 -1.461670e-03 1.000846e+00 1.000705e+00 6.084590e-01 1.301901e-04 9.998978e-01 1.000890e+00 1.164392e-01 
221 2211  4.417715877890970866e-02 0 0 4.301537e-01 -1.201344e-03 1.000238e+00 1.001007e+00 6.073941e-01 -2.418610e-04 1.000224e+00 1.000672e+00 1.163156e-01 
222 2221  4.417522868807195746e-02 0 0 4.299081e-01 -1.336487e-03 1.001726e+00 1.000769e+00 6.082324e-01 -2.112461e-03 1.000051e+00 1.000253e+00 1.163809e-01 
223 2231  4.417427098875259528e-02 0 0 4.300221e-01 -3.636642e-04 1.000772e+00 1.001007e+00 6.082748e-01 -2.739062e-04 1.000397e+00 1.001331e+00 1.162625e-01 
224 2241  4.417139852913401499e-02 0 0 4.292662e-01 -5.357700e-04 1.002257e+00 1.000977e+00 6.092844e-01 -8.964964e-04 1.000401e+00 1.001443e+00 1.161425e-01 
225 2251  4.416857818901140376e-02 0 0 4.301953e-01 -8.820922e-04 1.001382e+00 1.000142e+00 6.105179e-01 -2.186736e-04 9.999864e-01 1.001256e+00 1.163374e-01 
226 2261  4.417031136569134903e-02 0 0 4.298970e-01 -5.372019e-04 1.001078e+00 1.000427e+00 6.098514e-01 -6.812345e-04 1.000194e+00 1.001604e+00 1.163004e-01 
227 2271  4.417069362111478853e-02 0 0 4.298673e-01 -2.466142e-04 1.001988e+00 1.000637e+00 6.098946e-01 -1.472641e-03 1.000378e+00 1.001727e+00 1.161997e-01 
228 2281  4.416767644607507565e-02 0 0 4.302259e-01 -3.712947e-04 1.001345e+00 9.996283e-01 6.126668e-01 -5.419866e-04 1.000040e+00 1.002169e+00 1.162799e-01 
229 2291  4.416018655324778497e-02 0 0 4.295690e-01 -1.460702e-03 1.001293e+00 1.000184e+00 6.132840e-01 -8.277580e-04 1.000079e+00 1.002304e+00 1.163077e-01 
230 2301  4.416039159841013417e-02 0 0 4.294910e-01 -1.310323e-03 1.001497e+00 1.000719e+00 6.131468e-01 -5.697673e-04 1.000419e+00 1.002715e+00 1.163519e-01 
231 2311  4.416035183051032764e-02 0 0 4.295341e-01 -8.099846e-04 1.002220e+00 1.002502e+00 6.132162e-01 -2.275198e-03 1.000693e+00 1.002415e+00 1.163326e-01 
232 2321  4.415495902007454676e-02 0 0 4.304231e-01 -5.457624e-05 1.001204e+00 1.003331e+00 6.168101e-01 -8.978168e-04 1.000860e+00 1.002951e+00 1.165225e-01 
233 2331  4.414892564171130074e-02 0 0 4.299945e-01 -1.539203e-03 1.000519e+00 1.001670e+00 6.183289e-01 -3.008997e-04 9.999559e-01 1.001433e+00 1.164700e-01 
234 2341  4.414496598140125322e-02 0 0 4.292922e-01 -2.323452e-04 1.001886e+00 1.001441e+00 6.184566e-01 -2.660882e-04 1.000142e+00 1.000866e+00 1.163697e-01 
235 2351  4.414093705467942580e-02 0 0 4.283287e-01 -1.349365e-03 1.002535e+00 9.999249e-01 6.200874e-01 -1.517243e-03 1.000248e+00 1.001734e+00 1.162590e-01 
236 2361  4.412567297556944240e-02 0 0 4.284977e-01 -2.258835e-03 1.001988e+00 9.987629e-01 6.301959e-01 -2.262733e-03 1.000106e+00 1.002081e+00 1.165051e-01 
237 2371  4.413487323862678308e-02 0 0 4.301105e-01 -2.060346e-03 1.001031e+00 1.004614e+00 6.293225e-01 1.893073e-03 1.001375e+00 1.002108e+00 1.167308e-01 
238 2381  4.412823431473573976e-02 0 0 4.276130e-01 -1.240637e-03 9.996797e-01 1.000511e+00 6.262095e-01 -6.256123e-03 1.000748e+00 1.002035e+00 1.161540e-01 
239 2391  4.410230010675730145e-02 0 0 4.284332e-01 -2.842175e-03 1.000091e+00 1.004065e+00 6.403245e-01 3.554830e-03 1.000615e+00 1.001210e+00 1.161311e-01 
240 2401  4.409629359074949961e-02 0 0 4.303048e-01 -2.239892e-03 9.991723e-01 1.002733e+00 6.475565e-01 1.516791e-03 9.999792e-01 1.001529e+00 1.164963e-01 
241 2411  4.410802532458307779e-02 0 0 4.285079e-01 3.845552e-04 1.001916e+00 1.002836e+00 6.371310e-01 1.889918e-03 1.002399e+00 1.000982e+00 1.163044e-01 
242 2421  4.409514907115934246e-02 0 0 4.294388e-01 -2.179502e-03 1.003430e+00 1.001418e+00 6.537459e-01 4.467246e-03 1.000488e+00 1.002586e+00 1.169912e-01 
243 2431  4.408896439295705710e-02 0 0 4.288051e-01 -4.038807e-05 1.004528e+00 1.002695e+00 6.490218e-01 3.717878e-03 1.001304e+00 1.003058e+00 1.167833e-01 
244 2441  4.405016748211885991e-02 0 0 4.295570e-01 -2.327066e-03 1.003074e+00 1.001693e+00 6.754140e-01 7.562949e-03 1.000017e+00 1.004035e+00 1.170669e-01 
245 2451  4.406129545810719139e-02 0 0 4.275102e-01 -3.570522e-03 1.004568e+00 9.991737e-01 6.677345e-01 5.352780e-03 1.000096e+00 1.000936e+00 1.168638e-01 
246 2461  4.406665745044823640e-02 0 0 4.278470e-01 2.062534e-05 1.004847e+00 1.004663e+00 6.565295e-01 6.150840e-03 1.000172e+00 9.998296e-01 1.163540e-01 
247 2471  4.408899094238194483e-02 0 0 4.284182e-01 -3.163395e-03 1.004852e+00 1.000920e+00 6.585144e-01 6.550399e-03 1.000662e+00 9.987240e-01 1.161315e-01 
248 2481  4.407419372455462225e-02 0 0 4.303222e-01 1.464689e-04 1.002315e+00 1.001625e+00 6.655387e-01 6.835286e-03 1.003103e+00 1.000099e+00 1.170339e-01 
249 2491  4.403913912549846377e-02 0 0 4.296535e-01 -1.686713e-03 1.001484e+00 1.000294e+00 6.694139e-01 6.041912e-03 1.003389e+00 1.000280e+00 1.166118e-01 
250 2501  4.403216112250828151e-02 0 0 4.282198e-01 -9.993421e-04 1.004153e+00 9.990089e-01 6.749386e-01 1.749387e-03 1.002571e+00 1.001994e+00 1.166070e-01 
251 2511  4.399624691690053740e-02 0 0 4.278077e-01 -1.112052e-03 1.002491e+00 9.999572e-01 6.863871e-01 4.327628e-03 1.002290e+00 1.002729e+00 1.168713e-01 
252 2521  4.396508327873513422e-02 0 0 4.289743e-01 -3.673704e-03 1.006181e+00 1.004439e+00 7.080917e-01 6.953909e-03 9.999820e-01 1.000472e+00 1.180908e-01 
253 2531  4.397283899534121243e-02 0 0 4.265591e-01 -2.843704e-03 1.005207e+00 1.010537e+00 7.096716e-01 7.897694e-03 1.001451e+00 9.986981e-01 1.165676e-01 
254 2541  4.397745152417881220e-02 0 0 4.281811e-01 -7.236502e-04 1.000589e+00 1.000527e+00 7.054073e-01 9.202656e-03 1.000660e+00 9.999435e-01 1.170854e-01 
255 2551  4.397503557544194669e-02 0 0 4.278758e-01 -2.467416e-03 9.966114e-01 1.004010e+00 7.089361e-01 8.556267e-03 1.002629e+00 1.003822e+00 1.166203e-01 
256 2561  4.398126418127394632e-02 0 0 4.238926e-01 -2.644324e-03 1.002493e+00 1.001212e+00 6.955642e-01 -6.607416e-04 1.000385e+00 9.996204e-01 1.165751e-01 
257 2571  4.389844989125715746e-02 0 0 4.302020e-01 -3.899427e-03 1.007472e+00 9.942979e-01 7.389041e-01 9.917536e-03 9.999850e-01 9.971923e-01 1.179471e-01 
258 2581  4.394153238573147990e-02 0 0 4.308162e-01 -2.750450e-03 1.006391e+00 9.984000e-01 7.417008e-01 1.093663e-02 9.973273e-01 9.974277e-01 1.182199e-01 
259 2591  4.368749252584234327e-02 0 0 4.304093e-01 -3.127223e-03 1.000495e+00 9.982081e-01 7.802325e-01 1.534530e-03 9.972761e-01 9.989698e-01 1.186764e-01 
260 2601  4.375631996723170630e-02 0 0 4.280217e-01 -7.025822e-03 1.009278e+00 9.969926e-01 7.630471e-01 -4.103309e-03 9.994923e-01 9.981262e-01 1.185221e-01 
261 2611  4.373796467438630098e-02 0 0 4.296457e-01 -1.467927e-03 1.005009e+00 9.990414e-01 7.786099e-01 5.548288e-03 9.978255e-01 9.974821e-01 1.183620e-01 
262 2621  4.371584907234865591e-02 0 0 4.318805e-01 -5.209135e-03 1.005903e+00 1.003751e+00 7.623720e-01 9.393675e-03 9.997247e-01 9.996196e-01 1.181851e-01 
263 2631  4.362556547854452849e-02 0 0 4.302378e-01 -3.762377e-04 1.007934e+00 9.970696e-01 8.429359e-01 6.907856e-03 9.949639e-01 1.000233e+00 1.193324e-01 
264 2641  4.365085980199944621e-02 0 0 4.310724e-01 2.545723e-03 9.979669e-01 1.004804e+00 7.797764e-01 -1.126665e-03 9.990955e-01 1.003122e+00 1.190827e-01 
265 2651  4.367385457920224673e-02 0 0 4.364778e-01 1.008161e-03 9.976190e-01 1.001197e+00 8.108100e-01 2.188618e-03 9.970020e-01 9.990068e-01 1.196241e-01 
266 2661  4.357426397076855085e-02 0 0 4.315308e-01 1.221158e-03 1.001519e+00 1.007251e+00 8.069284e-01 2.357148e-03 1.000707e+00 1.002920e+00 1.194948e-01 
267 2671  4.360233005510527615e-02 0 0 4.295556e-01 5.298515e-04 1.007553e+00 1.000383e+00 7.912928e-01 -8.778087e-04 9.993109e-01 1.004354e+00 1.185603e-01 
268 2681  4.356196511819793171e-02 0 0 4.289832e-01 7.733730e-04 1.005629e+00 9.968115e-01 8.119306e-01 2.102035e-03 9.992483e-01 1.002116e+00 1.189821e-01 
269 2691  4.356485294101403866e-02 0 0 4.316693e-01 1.507237e-03 1.003726e+00 1.003516e+00 7.998460e-01 5.115289e-03 9.995857e-01 1.002204e+00 1.188970e-01 
270 2701  4.361363703017494958e-02 0 0 4.315655e-01 2.413652e-03 1.002426e+00 1.005666e+00 7.884660e-01 5.625858e-03 1.002090e+00 1.005400e+00 1.190080e-01 
271 2711  4.357233318032985303e-02 0 0 4.319450e-01 3.543147e-03 1.008696e+00 9.983859e-01 8.106792e-01 3.188275e-03 1.001385e+00 1.000710e+00 1.193377e-01 
272 2721  4.354043602215394021e-02 0 0 4.286398e-01 5.486115e-03 1.002520e+00 9.986136e-01 8.302996e-01 -1.066690e-03 1.000863e+00 1.001378e+00 1.192094e-01 
273 2731  4.353848442181105366e-02 0 0 4.276958e-01 5.731150e-03 1.000710e+00 9.961089e-01 8.492120e-01 7.897030e-04 9.996477e-01 1.001121e+00 1.193285e-01 
274 2741  4.343687988363426761e-02 0 0 4.294207e-01 1.213031e-03 1.000948e+00 1.000013e+00 8.711700e-01 1.558818e-03 9.973565e-01 1.000244e+00 1.195313e-01 
275 2751  4.344789303052162127e-02 0 0 4.306148e-01 4.399761e-03 1.003982e+00 1.002634e+00 8.895675e-01 1.216860e-03 9.975544e-01 1.001028e+00 1.194285e-01 
276 2761  4.343003216628688740e-02 0 0 4.303127e-01 1.106165e-03 1.001028e+00 1.001823e+00 8.885187e-01 5.624681e-03 9.963663e-01 9.994114e-01 1.194326e-01 
277 2771  4.342790873862600182e-02 0 0 4.329921e-01 -8.801116e-04 9.973205e-01 1.003204e+00 8.984036e-01 1.936568e-03 9.974815e-01 9.978735e-01 1.193088e-01 
278 2781  4.340041852384605298e-02 0 0 4.267388e-01 -1.013157e-03 9.946818e-01 9.982309e-01 9.474966e-01 -5.000811e-03 9.946916e-01 1.000338e+00 1.198209e-01 
279 2791  4.334487803547345391e-02 0 0 4.309666e-01 6.970557e-03 9.997077e-01 1.004505e+00 9.638547e-01 4.731510e-03 9.985311e-01 1.001040e+00 1.201596e-01 
280 2801  4.325081537891128924e-02 0 0 4.323248e-01 1.182040e-03 9.925260e-01 1.004650e+00 9.913576e-01 1.027625e-02 9.972893e-01 1.006071e+00 1.200717e-01 
281 2811  4.321231646714719654e-02 0 0 4.300118e-01 3.654253e-03 9.983650e-01 9.971968e-01 9.875788e-01 6.123475e-03 9.995517e-01 1.002935e+00 1.199751e-01 
282 2821  4.319095573387857906e-02 0 0 4.313510e-01 3.461498e-03 1.004748e+00 9.994415e-01 1.017867e+00 1.284811e-02 9.991362e-01 1.001156e+00 1.200888e-01 
283 2831  4.329798630961602390e-02 0 0 4.333109e-01 8.675096e-04 9.929356e-01 9.949746e-01 9.920686e-01 1.027976e-02 9.986364e-01 1.000619e+00 1.198024e-01 
284 2841  4.325282320667066943e-02 0 0 4.312559e-01 1.995286e-03 9.938588e-01 9.991757e-01 9.735968e-01 1.685089e-02 1.005254e+00 1.009006e+00 1.192185e-01 
285 2851  4.330758662191183661e-02 0 0 4.321012e-01 5.138372e-03 9.956761e-01 9.958509e-01 9.805822e-01 1.305422e-02 1.000680e+00 1.002421e+00 1.197517e-01 
286 2861  4.315951270761413106e-02 0 0 4.328634e-01 -9.052034e-04 9.919081e-01 1.003961e+00 9.843727e-01 1.493476e-02 1.000375e+00 1.006111e+00 1.197637e-01 
287 2871  4.320587213937080590e-02 0 0 4.286041e-01 -1.094523e-03 9.969357e-01 9.945782e-01 9.929822e-01 9.987916e-03 1.000031e+00 1.011973e+00 1.199894e-01 
288 2881  4.316406197826919838e-02 0 0 4.320501e-01 8.028133e-04 9.920172e-01 1.000906e+00 9.974760e-01 1.122367e-02 1.000123e+00 1.001844e+00 1.200759e-01 
289 2891  4.322798137962877152e-02 0 0 4.292091e-01 2.064981e-03 9.901773e-01 9.962945e-01 9.847968e-01 1.109242e-02 1.001252e+00 1.005515e+00 1.197154e-01 
290 2901  4.312649965716035955e-02 0 0 4.296768e-01 6.283649e-04 9.937368e-01 1.000238e+00 1.001050e+00 9.247729e-03 1.001738e+00 1.005797e+00 1.199464e-01 
291 2911  4.319496284184855955e-02 0 0 4.281824e-01 1.104119e-03 9.945128e-01 9.974331e-01 9.714850e-01 7.995448e-03 1.001357e+00 1.006979e+00 1.194465e-01 
292 2921  4.314666871706739765e-02 0 0 4.278635e-01 8.212200e-04 9.964785e-01 9.975871e-01 9.862437e-01 1.053656e-02 1.000951e+00 1.007727e+00 1.194880e-01 
293 2931  4.311496363998149062e-02 0 0 4.271408e-01 -5.940982e-03 9.983984e-01 9.949174e-01 9.976277e-01 5.725661e-03 1.000624e+00 1.003058e+00 1.196141e-01 
294 2941  4.313080300544204493e-02 0 0 4.280399e-01 -4.566704e-03 9.995179e-01 9.994138e-01 9.800807e-01 8.888503e-03 1.002241e+00 1.005947e+00 1.197398e-01 
295 2951  4.308424308132562108e-02 0 0 4.284247e-01 -2.217523e-03 9.989341e-01 1.001106e+00 9.988160e-01 1.072305e-02 1.002359e+00 1.004316e+00 1.197791e-01 
296 2961  4.314757144012050516e-02 0 0 4.270409e-01 -4.315584e-03 1.002216e+00 9.992757e-01 9.727995e-01 1.068205e-02 1.001927e+00 1.004028e+00 1.194786e-01 
297 2971  4.316043305969288063e-02 0 0 4.268330e-01 -4.606862e-04 1.001931e+00 9.940944e-01 9.912286e-01 1.054486e-02 1.001253e+00 1.001543e+00 1.196796e-01 
298 2981  4.313798342631665339e-02 0 0 4.272176e-01 -2.695007e-03 9.952376e-01 1.000290e+00 1.011516e+00 1.232244e-02 1.000925e+00 1.006022e+00 1.196753e-01 
299 2991  4.313809447799005908e-02 0 0 4.255054e-01 -5.407024e-04 1.001232e+00 9.949067e-01 9.905334e-01 7.733755e-03 1.001040e+00 1.003279e+00 1.194614e-01 
300 3001  4.309036716298594860e-02 0 0 4.267039e-01 -2.417638e-04 9.968031e-01 9.999877e-01 1.020212e+00 9.253561e-03 1.000488e+00 1.003627e+00 1.195109e-01 
301 3011  4.311865138603356712e-02 0 0 4.251501e-01 -2.076187e-03 9.981626e-01 1.000036e+00 1.009922e+00 1.122525e-02 1.001576e+00 1.003937e+00 1.193449e-01 
302 3021  4.310333840313245596e-02 0 0 4.264222e-01 -3.253894e-04 1.001363e+00 9.989341e-01 1.002022e+00 9.239574e-03 1.000838e+00 1.001500e+00 1.196901e-01 
303 3031  4.307448296090959916e-02 0 0 4.267436e-01 1.254770e-06 1.001155e+00 9.993176e-01 1.007103e+00 9.482466e-03 1.001262e+00 1.001547e+00 1.195612e-01 
304 3041  4.306669849116640664e-02 0 0 4.269437e-01 -5.771456e-04 1.000237e+00 9.990366e-01 9.985561e-01 4.970127e-03 1.002543e+00 1.001592e+00 1.196723e-01 
305 3051  4.309474151629284072e-02 0 0 4.271838e-01 1.426195e-03 9.971603e-01 1.003597e+00 1.007393e+00 3.786111e-03 1.001766e+00 1.000485e+00 1.197489e-01 
306 3061  4.309432396806194693e-02 0 0 4.264431e-01 -2.735290e-03 9.995383e-01 9.988050e-01 9.968716e-01 5.823340e-03 1.000856e+00 1.000957e+00 1.197289e-01 
307 3071  4.308161079944031191e-02 0 0 4.268449e-01 -3.072201e-03 9.999379e-01 9.988489e-01 1.020172e+00 6.304740e-03 1.000127e+00 1.000896e+00 1.197659e-01 
308 3081  4.307921309579192115e-02 0 0 4.269302e-01 4.499928e-04 9.983539e-01 1.000106e+00 9.981299e-01 6.123625e-03 1.001458e+00 1.001503e+00 1.196132e-01 
309 3091  4.306877760358741869e-02 0 0 4.275143e-01 -6.964741e-04 9.977294e-01 1.000085e+00 1.004629e+00 5.755130e-03 1.001306e+00 1.000071e+00 1.196972e-01 
310 3101  4.307610821840088255e-02 0 0 4.268102e-01 -5.720882e-04 9.986062e-01 9.994670e-01 1.005335e+00 7.737542e-03 1.001271e+00 1.000389e+00 1.194886e-01 
311 3111  4.307419579112603536e-02 0 0 4.264759e-01 -1.829216e-03 9.993042e-01 9.996092e-01 9.957122e-01 3.763394e-03 1.000658e+00 1.000220e+00 1.196251e-01 
312 3121  4.306525123650442599e-02 0 0 4.269513e-01 -4.975969e-04 1.000118e+00 9.994997e-01 9.970131e-01 4.814094e-03 1.001680e+00 1.000266e+00 1.196260e-01 
313 3131  4.305756196031644556e-02 0 0 4.271521e-01 -5.776166e-04 1.000023e+00 9.996321e-01 1.009120e+00 5.053967e-03 1.000750e+00 1.000519e+00 1.196955e-01 
314 3141  4.305461635498614853e-02 0 0 4.271664e-01 -1.096767e-03 1.001586e+00 1.000976e+00 9.994710e-01 4.388985e-03 1.001110e+00 1.000228e+00 1.196987e-01 
315 3151  4.305654930265100100e-02 0 0 4.272012e-01 -1.611247e-03 1.001278e+00 1.000887e+00 9.988732e-01 4.416855e-03 1.001181e+00 1.000716e+00 1.196292e-01 
316 3161  4.305468940115959181e-02 0 0 4.274735e-01 -1.942317e-03 1.002070e+00 1.000181e+00 1.006221e+00 5.395567e-03 1.000772e+00 1.000391e+00 1.197366e-01 
317 3171  4.305641081371026913e-02 0 0 4.281200e-01 -2.341750e-03 1.001928e+00 1.000749e+00 9.975535e-01 4.425175e-03 1.000915e+00 1.001019e+00 1.197668e-01 
318 3181  4.306038626273354236e-02 0 0 4.267722e-01 -2.286118e-03 1.000232e+00 1.000590e+00 1.002162e+00 5.263243e-03 1.000640e+00 1.001018e+00 1.195274e-01 
319 3191  4.305379081244416206e-02 0 0 4.273551e-01 -2.083794e-03 1.001319e+00 1.000099e+00 1.002681e+00 5.686571e-03 1.000537e+00 1.000508e+00 1.196810e-01 
320 3201  4.305386073747217990e-02 0 0 4.276390e-01 -2.644257e-03 1.000464e+00 1.000789e+00 1.003632e+00 5.270945e-03 1.000096e+00 1.000896e+00 1.197497e-01 
321 3211  4.305359076579816369e-02 0 0 4.274447e-01 -7.081681e-04 1.000934e+00 1.000101e+00 1.004642e+00 5.664767e-03 1.000629e+00 1.000544e+00 1.196414e-01 
322 3221  4.305412283804405105e-02 0 0 4.273357e-01 -1.916173e-03 1.000852e+00 1.000637e+00 1.001907e+00 5.490770e-03 1.000268e+00 1.000648e+00 1.196361e-01 
323 3231  4.305297797830015538e-02 0 0 4.278010e-01 -8.794473e-04 1.000219e+00 1.000994e+00 1.001216e+00 6.651884e-03 1.000841e+00 1.000826e+00 1.196778e-01 
324 3241  4.305387790665655967e-02 0 0 4.277499e-01 -1.659565e-03 1.001017e+00 1.001062e+00 1.003607e+00 6.676428e-03 1.000923e+00 1.000595e+00 1.196824e-01 
325 3251  4.305355884531634342e-02 0 0 4.275226e-01 -1.386023e-03 1.001313e+00 1.000526e+00 1.001724e+00 6.072449e-03 1.000252e+00 1.000289e+00 1.196584e-01 
326 3261  4.305242068783588644e-02 0 0 4.280276e-01 -9.681601e-04 1.000107e+00 1.000916e+00 1.002248e+00 5.899488e-03 1.000364e+00 1.001291e+00 1.197196e-01 
327 3271  4.305322415767732364e-02 0 0 4.275536e-01 -1.418638e-03 1.000556e+00 1.000250e+00 1.001984e+00 6.047195e-03 1.000143e+00 1.000619e+00 1.196464e-01 
328 3281  4.305177138410055948e-02 0 0 4.282488e-01 -1.049420e-03 1.000007e+00 1.000315e+00 1.001471e+00 5.421913e-03 1.000044e+00 1.000824e+00 1.197483e-01 
329 3291  4.305283746094031722e-02 0 0 4.278238e-01 -8.320961e-04 1.000570e+00 1.000752e+00 9.999977e-01 5.095465e-03 1.000682e+00 1.001053e+00 1.197543e-01 
330 3301  4.305210896997561237e-02 0 0 4.279309e-01 -1.426238e-03 1.000053e+00 1.000772e+00 1.003797e+00 5.478920e-03 1.000428e+00 1.000984e+00 1.197319e-01 
331 3311  4.305244347646083880e-02 0 0 4.278507e-01 -1.777830e-03 1.000127e+00 1.000698e+00 1.000822e+00 5.574031e-03 1.000009e+00 1.000563e+00 1.196863e-01 
332 3321  4.305383411249271569e-02 0 0 4.281012e-01 -1.037187e-03 1.000342e+00 1.000487e+00 9.994941e-01 4.442949e-03 1.000158e+00 1.001066e+00 1.198047e-01 
333 3331  4.305217083675504097e-02 0 0 4.281284e-01 -1.323585e-03 1.000128e+00 1.000944e+00 9.999931e-01 4.802332e-03 1.000197e+00 1.000752e+00 1.197478e-01 
334 3341  4.305270621852309854e-02 0 0 4.277891e-01 -7.186439e-04 1.000412e+00 1.000788e+00 1.000413e+00 5.405112e-03 1.000549e+00 1.000954e+00 1.196697e-01 
335 3351  4.305135160009501000e-02 0 0 4.282049e-01 -7.704441e-04 1.000599e+00 1.000834e+00 1.002074e+00 4.014374e-03 1.000353e+00 1.000957e+00 1.198068e-01 
336 3361  4.305277253632225354e-02 0 0 4.279302e-01 -1.298610e-03 1.000412e+00 1.000849e+00 9.992672e-01 4.522950e-03 1.000349e+00 1.001072e+00 1.197623e-01 
337 3371  4.305176149035660343e-02 0 0 4.281035e-01 -1.776063e-03 1.000345e+00 1.001060e+00 1.000439e+00 4.769530e-03 1.000142e+00 1.000873e+00 1.197733e-01 
338 3381  4.305126876140303455e-02 0 0 4.279480e-01 -1.267040e-03 1.000963e+00 1.000792e+00 1.000081e+00 4.532565e-03 1.000172e+00 1.001035e+00 1.197538e-01 
339 3391  4.305163885649559985e-02 0 0 4.280440e-01 -1.434550e-03 1.000355e+00 1.001284e+00 9.999911e-01 4.365117e-03 1.000455e+00 1.000971e+00 1.197909e-01 
340 3401  4.305193888365651395e-02 0 0 4.279768e-01 -9.053383e-04 1.000332e+00 1.001023e+00 1.000561e+00 5.459146e-03 1.000486e+00 1.000959e+00 1.197460e-01 
341 3411  4.305160008146927814e-02 0 0 4.281703e-01 -7.800186e-04 1.000131e+00 1.000884e+00 1.000349e+00 5.391934e-03 1.000463e+00 1.000833e+00 1.197454e-01 
342 3421  4.305174373158802970e-02 0 0 4.281244e-01 -7.715258e-04 1.000144e+00 1.001030e+00 1.001500e+00 5.408331e-03 1.000430e+00 1.000792e+00 1.197462e-01 
343 3431  4.305164588701687611e-02 0 0 4.279476e-01 -6.459748e-04 1.000263e+00 1.000779e+00 1.001533e+00 5.480044e-03 1.000409e+00 1.000643e+00 1.197136e-01 
344 3441  4.305195209497273551e-02 0 0 4.279410e-01 -4.636713e-04 1.000320e+00 1.001049e+00 1.000764e+00 5.506054e-03 1.000646e+00 1.000770e+00 1.197182e-01 
345 3451  4.305226403830472726e-02 0 0 4.279824e-01 -6.771126e-04 1.000294e+00 1.000651e+00 1.000124e+00 5.161650e-03 1.000330e+00 1.000706e+00 1.197559e-01 
346 3461  4.305197116630513077e-02 0 0 4.280303e-01 -9.146885e-04 1.000004e+00 1.000286e+00 1.000006e+00 5.606626e-03 1.000328e+00 1.000924e+00 1.197284e-01 
347 3471  4.305165998390312471e-02 0 0 4.278548e-01 -7.429363e-04 1.000366e+00 1.000444e+00 1.000323e+00 5.162537e-03 1.000178e+00 1.000816e+00 1.197162e-01 
348 3481  4.305140810606115920e-02 0 0 4.281069e-01 -8.559225e-04 1.000171e+00 1.000513e+00 1.002227e+00 4.893027e-03 1.000177e+00 1.000815e+00 1.197692e-01 
349 3491  4.305185237790236374e-02 0 0 4.278568e-01 -2.863808e-04 1.000240e+00 1.000069e+00 9.999851e-01 5.381681e-03 1.000231e+00 1.000785e+00 1.197027e-01 
350 3501  4.305160768718972047e-02 0 0 4.279776e-01 -7.578706e-04 1.000463e+00 1.000344e+00 1.001115e+00 5.241948e-03 1.000128e+00 1.000843e+00 1.197251e-01 
351 3511  4.305238858675778518e-02 0 0 4.278060e-01 -4.228784e-04 9.999766e-01 1.000262e+00 1.001656e+00 5.170591e-03 1.000118e+00 1.000683e+00 1.197072e-01 
352 3521  4.305176909272475511e-02 0 0 4.277967e-01 -4.560006e-04 1.000391e+00 1.000142e+00 1.003638e+00 5.315944e-03 1.000223e+00 1.000860e+00 1.197121e-01 
353 3531  4.305213695040419758e-02 0 0 4.277603e-01 -4.686547e-04 1.000454e+00 1.000023e+00 1.001843e+00 5.753964e-03 1.000243e+00 1.000489e+00 1.196867e-01 
354 3541  4.305177093991784110e-02 0 0 4.279026e-01 -5.688831e-04 1.000329e+00 1.000031e+00 1.000138e+00 5.379404e-03 1.000110e+00 1.000599e+00 1.197077e-01 
355 3551  4.305179492659514523e-02 0 0 4.277888e-01 -5.817058e-04 1.000250e+00 1.000263e+00 1.001264e+00 5.306564e-03 1.000078e+00 1.000801e+00 1.196991e-01 
356 3561  4.305145465061208793e-02 0 0 4.279233e-01 -7.432560e-04 1.000516e+00 1.000501e+00 1.000658e+00 5.006065e-03 1.000161e+00 1.000634e+00 1.197277e-01 
357 3571  4.305165721156418990e-02 0 0 4.278464e-01 -3.891126e-04 1.000751e+00 1.000527e+00 1.001280e+00 5.212377e-03 1.000223e+00 1.000511e+00 1.197168e-01 
358 3581  4.305178421182832144e-02 0 0 4.278530e-01 -6.095054e-04 1.000502e+00 1.000379e+00 1.000793e+00 5.029763e-03 1.000174e+00 1.000414e+00 1.197029e-01 
359 3591  4.305177137249449615e-02 0 0 4.278269e-01 -5.550853e-04 1.000626e+00 1.000065e+00 1.000539e+00 4.813364e-03 1.000156e+00 1.000596e+00 1.197356e-01 
360 3601  4.305168022718122711e-02 0 0 4.277573e-01 -4.476405e-04 1.000476e+00 1.000156e+00 1.000030e+00 5.163615e-03 1.000092e+00 1.000556e+00 1.197140e-01 
361 3611  4.305198605310867760e-02 0 0 4.278239e-01 -4.536753e-04 1.000453e+00 1.000353e+00 1.000542e+00 5.204200e-03 1.000169e+00 1.000621e+00 1.197296e-01 
362 3621  4.305178642584064214e-02 0 0 4.277501e-01 -2.913824e-04 1.000387e+00 1.000107e+00 1.000014e+00 5.093916e-03 1.000147e+00 1.000599e+00 1.197201e-01 
363 3631  4.305183571779731821e-02 0 0 4.277619e-01 -2.116418e-04 1.000335e+00 1.000226e+00 1.000075e+00 5.026425e-03 1.000183e+00 1.000564e+00 1.197258e-01 
364 3641  4.305172600759313989e-02 0 0 4.278376e-01 -3.453772e-04 1.000373e+00 1.000247e+00 1.000677e+00 5.286619e-03 1.000127e+00 1.000544e+00 1.197242e-01 
365 3651  4.305151195034312428e-02 0 0 4.278325e-01 -1.221303e-04 1.000074e+00 1.000257e+00 1.000398e+00 4.958567e-03 1.000118e+00 1.000564e+00 1.197385e-01 
366 3661  4.305145750285990086e-02 0 0 4.278750e-01 -2.822604e-04 1.000283e+00 1.000338e+00 1.000128e+00 4.869812e-03 1.000158e+00 1.000546e+00 1.197433e-01 
367 3671  4.305157684621450931e-02 0 0 4.278755e-01 -2.437149e-04 1.000126e+00 1.000356e+00 1.000853e+00 5.214948e-03 1.000099e+00 1.000506e+00 1.197229e-01 
368 3681  4.305142378276478887e-02 0 0 4.279247e-01 -5.324723e-04 1.000456e+00 1.000308e+00 1.000337e+00 4.910908e-03 1.000201e+00 1.000526e+00 1.197485e-01 
369 3691  4.305171695587346747e-02 0 0 4.278334e-01 -1.059229e-04 1.000107e+00 1.000048e+00 9.999835e-01 5.111137e-03 1.000211e+00 1.000523e+00 1.197167e-01 
370 3701  4.305160215622863551e-02 0 0 4.280078e-01 -5.427050e-05 9.999749e-01 1.000283e+00 1.000743e+00 5.161582e-03 1.000153e+00 1.000526e+00 1.197386e-01 
371 3711  4.305153490606571098e-02 0 0 4.278670e-01 -1.469607e-04 1.000383e+00 1.000217e+00 1.000681e+00 5.079113e-03 1.000179e+00 1.000514e+00 1.197372e-01 
372 3721  4.305154140495512372e-02 0 0 4.279131e-01 -2.359304e-04 1.000190e+00 1.000063e+00 1.000188e+00 5.044874e-03 1.000037e+00 1.000521e+00 1.197344e-01 
373 3731  4.305150126745736772e-02 0 0 4.278151e-01 -2.413794e-04 1.000225e+00 1.000070e+00 1.000086e+00 5.018117e-03 1.000084e+00 1.000503e+00 1.197327e-01 
374 3741  4.305155530548435139e-02 0 0 4.278375e-01 -3.828274e-04 1.000303e+00 1.000191e+00 1.000123e+00 5.008081e-03 1.000036e+00 1.000514e+00 1.197239e-01 
375 3751  4.305159733586373660e-02 0 0 4.278973e-01 -2.008998e-04 1.000270e+00 1.000123e+00 1.000292e+00 5.180434e-03 1.000030e+00 1.000470e+00 1.197216e-01 
376 3761  4.305142165446027708e-02 0 0 4.279121e-01 -2.089219e-04 1.000299e+00 1.000128e+00 1.000431e+00 4.915244e-03 1.000009e+00 1.000458e+00 1.197348e-01 
377 3771  4.305162031621630886e-02 0 0 4.278563e-01 -2.037870e-04 1.000315e+00 1.000094e+00 1.000083e+00 5.105825e-03 1.000057e+00 1.000469e+00 1.197229e-01 
378 3781  4.305162858222305600e-02 0 0 4.278131e-01 -2.749336e-04 1.000126e+00 1.000067e+00 1.000041e+00 4.988686e-03 1.000012e+00 1.000454e+00 1.197243e-01 
379 3791  4.305152842292583187e-02 0 0 4.278324e-01 -2.138535e-04 1.000113e+00 1.000024e+00 9.999900e-01 4.995922e-03 1.000016e+00 1.000470e+00 1.197244e-01 
380 3801  4.305156577002297591e-02 0 0 4.278185e-01 -3.030224e-04 1.000220e+00 1.000133e+00 1.000227e+00 5.072063e-03 1.000047e+00 1.000470e+00 1.197251e-01 
381 3811  4.305146912070409448e-02 0 0 4.278591e-01 -2.676054e-04 1.000243e+00 1.000070e+00 1.000165e+00 5.102505e-03 1.000006e+00 1.000444e+00 1.197240e-01 
382 3821  4.305151432696677910e-02 0 0 4.278939e-01 -2.526662e-04 1.000199e+00 1.000107e+00 1.000269e+00 5.154709e-03 1.000033e+00 1.000478e+00 1.197223e-01 
383 3831  4.305157303197663238e-02 0 0 4.278373e-01 -2.158009e-04 1.000194e+00 1.000082e+00 1.000325e+00 5.110347e-03 1.000029e+00 1.000417e+00 1.197243e-01 
384 3841  4.305169822336510355e-02 0 0 4.278064e-01 -2.147522e-04 1.000144e+00 1.000059e+00 1.000103e+00 5.086417e-03 1.000054e+00 1.000420e+00 1.197177e-01 
385 3851  4.305173299097338202e-02 0 0 4.278156e-01 -1.061957e-04 1.000091e+00 1.000062e+00 1.000290e+00 5.193871e-03 1.000034e+00 1.000394e+00 1.197109e-01 
386 3861  4.305167117307411723e-02 0 0 4.278412e-01 -6.223274e-05 1.000074e+00 1.000022e+00 1.000269e+00 5.308662e-03 1.000077e+00 1.000427e+00 1.197107e-01 
387 3871  4.305167915527816080e-02 0 0 4.278528e-01 -1.386780e-04 1.000064e+00 1.000019e+00 1.000565e+00 5.213225e-03 1.000010e+00 1.000452e+00 1.197163e-01 
388 3881  4.305154952326285117e-02 0 0 4.278077e-01 -1.455954e-04 1.000080e+00 1.000083e+00 1.000246e+00 5.066483e-03 1.000047e+00 1.000385e+00 1.197188e-01 
389 3891  4.305164893969049000e-02 0 0 4.279194e-01 -1.063345e-04 1.000180e+00 1.000100e+00 1.000195e+00 5.213786e-03 1.000038e+00 1.000423e+00 1.197204e-01 
390 3901  4.305165416113197752e-02 0 0 4.278634e-01 -1.720856e-05 1.000144e+00 1.000048e+00 1.000034e+00 5.285499e-03 1.000065e+00 1.000391e+00 1.197098e-01 
391 3911  4.305165768544618604e-02 0 0 4.278683e-01 -6.462385e-05 1.000190e+00 1.000067e+00 1.000127e+00 5.319998e-03 1.000082e+00 1.000379e+00 1.197097e-01 
392 3921  4.305160359443057499e-02 0 0 4.278575e-01 -3.772338e-05 1.000127e+00 1.000089e+00 1.000193e+00 5.261666e-03 1.000039e+00 1.000390e+00 1.197104e-01 
393 3931  4.305174655488890750e-02 0 0 4.279460e-01 -8.581469e-05 1.000114e+00 1.000145e+00 1.000088e+00 5.213784e-03 1.000040e+00 1.000458e+00 1.197251e-01 
394 3941  4.305176733156790281e-02 0 0 4.279023e-01 -6.871755e-06 1.000085e+00 1.000096e+00 1.000106e+00 5.217662e-03 1.000036e+00 1.000370e+00 1.197136e-01 
395 3951  4.305189669549726317e-02 0 0 4.279194e-01 -8.897696e-05 1.000088e+00 1.000121e+00 1.000047e+00 5.226152e-03 1.000020e+00 1.000391e+00 1.197184e-01 
396 3961  4.305158908905293985e-02 0 0 4.278747e-01 -5.790381e-05 1.000125e+00 1.000080e+00 1.000142e+00 5.190126e-03 1.000024e+00 1.000379e+00 1.197160e-01 
397 3971  4.305157713059964975e-02 0 0 4.278955e-01 -3.174421e-05 1.000002e+00 1.000088e+00 1.000027e+00 5.227113e-03 1.000005e+00 1.000366e+00 1.197154e-01 
398 3981  4.305164505020077359e-02 0 0 4.278960e-01 -3.540856e-05 1.000045e+00 1.000069e+00 1.000188e+00 5.207571e-03 9.999976e-01 1.000387e+00 1.197152e-01 
399 3991  4.305168193065463111e-02 0 0 4.279074e-01 2.755006e-06 1.000049e+00 1.000056e+00 1.000054e+00 5.217431e-03 1.000007e+00 1.000369e+00 1.197145e-01 
400 4001  4.305161297811455068e-02 0 0 4.278909e-01 1.928299e-06 1.000067e+00 1.000074e+00 1.000028e+00 5.173619e-03 1.000032e+00 1.000372e+00 1.197154e-01 
401 4011  4.305161209725166804e-02 0 0 4.279282e-01 -1.386043e-05 1.000046e+00 1.000124e+00 1.000015e+00 5.183203e-03 1.000027e+00 1.000377e+00 1.197140e-01 
402 4021  4.305148675169091083e-02 0 0 4.279223e-01 -5.182131e-05 1.000079e+00 1.000090e+00 9.999858e-01 5.082492e-03 1.000014e+00 1.000380e+00 1.197215e-01 
403 4031  4.305151457514054536e-02 0 0 4.278967e-01 -1.531460e-04 1.000189e+00 1.000168e+00 1.000175e+00 5.019361e-03 1.000015e+00 1.000414e+00 1.197218e-01 
404 4041  4.305147643854651679e-02 0 0 4.279233e-01 -1.413047e-04 1.000151e+00 1.000153e+00 1.000061e+00 5.009517e-03 9.999999e-01 1.000433e+00 1.197276e-01 
405 4051  4.305150164832546866e-02 0 0 4.278944e-01 -1.165388e-04 1.000081e+00 1.000099e+00 1.000078e+00 5.069461e-03 1.000019e+00 1.000410e+00 1.197221e-01 
406 4061  4.305157436789617403e-02 0 0 4.279031e-01 -1.344888e-04 1.000063e+00 1.000109e+00 1.000001e+00 5.060066e-03 1.000014e+00 1.000463e+00 1.197277e-01 
407 4071  4.305161812153873030e-02 0 0 4.278880e-01 -8.553641e-05 1.000028e+00 1.000119e+00 1.000068e+00 4.963456e-03 1.000010e+00 1.000404e+00 1.197211e-01 
408 4081  4.305139676515223196e-02 0 0 4.279365e-01 -1.349333e-04 1.000063e+00 1.000112e+00 1.000078e+00 5.002224e-03 1.000004e+00 1.000444e+00 1.197277e-01 
409 4091  4.305146798474793202e-02 0 0 4.279127e-01 -1.664616e-04 1.000103e+00 1.000165e+00 1.000082e+00 4.952504e-03 9.999994e-01 1.000430e+00 1.197280e-01 
410 4101  4.305158315424466309e-02 0 0 4.278856e-01 -8.965254e-05 1.000077e+00 1.000092e+00 1.000143e+00 5.053105e-03 1.000024e+00 1.000429e+00 1.197217e-01 
411 4111  4.305143274195204900e-02 0 0 4.279139e-01 -1.579908e-04 1.000175e+00 1.000122e+00 1.000142e+00 4.991341e-03 1.000032e+00 1.000438e+00 1.197282e-01 
412 4121  4.305154553977505461e-02 0 0 4.279426e-01 -1.399034e-04 1.000117e+00 1.000109e+00 9.999761e-01 5.019125e-03 1.000022e+00 1.000431e+00 1.197267e-01 
413 4131  4.305151175174666556e-02 0 0 4.279055e-01 -7.055606e-05 1.000074e+00 1.000130e+00 1.000014e+00 5.016826e-03 1.000034e+00 1.000434e+00 1.197215e-01 
414 4141  4.305164354506950397e-02 0 0 4.279050e-01 -4.359032e-06 1.000044e+00 1.000055e+00 1.000133e+00 5.140867e-03 1.000049e+00 1.000399e+00 1.197144e-01 
415 4151  4.305155335926552640e-02 0 0 4.278945e-01 -6.437616e-05 1.000105e+00 1.000056e+00 1.000170e+00 5.079072e-03 1.000031e+00 1.000404e+00 1.197154e-01 
416 4161  4.305155921216458764e-02 0 0 4.279264e-01 -1.250987e-04 1.000152e+00 1.000076e+00 1.000064e+00 5.030403e-03 1.000002e+00 1.000415e+00 1.197204e-01 
417 4171  4.305156556284413238e-02 0 0 4.279005e-01 -1.168534e-05 1.000073e+00 1.000078e+00 1.000005e+00 5.035980e-03 1.000032e+00 1.000401e+00 1.197150e-01 
418 4181  4.305168633220152891e-02 0 0 4.279187e-01 -5.883947e-05 1.000128e+00 1.000078e+00 1.000070e+00 5.008602e-03 1.000027e+00 1.000401e+00 1.197196e-01 
419 4191  4.305160694092036860e-02 0 0 4.279131e-01 -5.026107e-05 1.000115e+00 1.000071e+00 9.999880e-01 4.982643e-03 1.000022e+00 1.000399e+00 1.197206e-01 
420 4201  4.305144175022516256e-02 0 0 4.278937e-01 -6.294791e-05 1.000104e+00 1.000022e+00 1.000041e+00 4.957548e-03 1.000008e+00 1.000386e+00 1.197223e-01 
421 4211  4.305151191100813762e-02 0 0 4.279133e-01 -6.688268e-05 1.000095e+00 1.000057e+00 9.999994e-01 4.966930e-03 1.000005e+00 1.000379e+00 1.197212e-01 
422 4221  4.305157065082409334e-02 0 0 4.278884e-01 -6.932542e-05 1.000119e+00 1.000060e+00 1.000110e+00 5.003078e-03 1.000026e+00 1.000373e+00 1.197153e-01 
423 4231  4.305170520107995391e-02 0 0 4.279064e-01 -4.700371e-05 1.000112e+00 1.000090e+00 1.000036e+00 5.025846e-03 1.000024e+00 1.000364e+00 1.197138e-01 
424 4241  4.305172447939960290e-02 0 0 4.278952e-01 -5.941811e-05 1.000142e+00 1.000058e+00 1.000075e+00 5.015228e-03 1.000013e+00 1.000358e+00 1.197139e-01 
425 4251  4.305160262280985362e-02 0 0 4.278773e-01 -4.513687e-05 1.000109e+00 1.000073e+00 1.000051e+00 4.970321e-03 1.000028e+00 1.000346e+00 1.197154e-01 
426 4261  4.305160103328346810e-02 0 0 4.278624e-01 -5.642353e-05 1.000081e+00 1.000034e+00 9.999250e-01 4.944968e-03 1.000019e+00 1.000375e+00 1.197171e-01 
427 4271  4.305176118957264320e-02 0 0 4.278760e-01 -5.644626e-05 1.000119e+00 1.000042e+00 9.999181e-01 4.967236e-03 1.000005e+00 1.000349e+00 1.197155e-01 
428 4281  4.305162292955677650e-02 0 0 4.279018e-01 -3.526246e-05 1.000121e+00 1.000077e+00 1.000073e+00 5.027957e-03 1.000024e+00 1.000350e+00 1.197146e-01 
429 4291  4.305155804003844150e-02 0 0 4.278878e-01 -3.822946e-05 1.000138e+00 1.000072e+00 1.000108e+00 4.994879e-03 1.000025e+00 1.000346e+00 1.197155e-01 
430 4301  4.305149433915506779e-02 0 0 4.278875e-01 -6.472181e-05 1.000115e+00 1.000086e+00 1.000074e+00 5.000968e-03 1.000031e+00 1.000353e+00 1.197160e-01 
431 4311  4.305154996113449289e-02 0 0 4.279054e-01 -7.012362e-05 1.000146e+00 1.000069e+00 1.000016e+00 5.000386e-03 1.000009e+00 1.000366e+00 1.197211e-01 
432 4321  4.305147498115242249e-02 0 0 4.278766e-01 -8.654078e-05 1.000140e+00 1.000049e+00 1.000101e+00 4.985511e-03 1.000009e+00 1.000363e+00 1.197165e-01 
433 4331  4.305148479307058934e-02 0 0 4.278627e-01 -8.086150e-05 1.000109e+00 1.000040e+00 9.999963e-01 4.919661e-03 9.999989e-01 1.000384e+00 1.197170e-01 
434 4341  4.305155841934067695e-02 0 0 4.278582e-01 -7.795929e-05 1.000103e+00 1.000053e+00 1.000043e+00 4.969990e-03 1.000006e+00 1.000374e+00 1.197164e-01 
435 4351  4.305149692123398653e-02 0 0 4.278618e-01 -8.137706e-05 1.000123e+00 1.000067e+00 1.000038e+00 4.942131e-03 1.000008e+00 1.000367e+00 1.197167e-01 
436 4361  4.305151223405546956e-02 0 0 4.278419e-01 -1.312286e-04 1.000150e+00 1.000037e+00 1.000028e+00 4.938659e-03 1.000009e+00 1.000393e+00 1.197172e-01 
437 4371  4.305146531180188696e-02 0 0 4.278631e-01 -9.020032e-05 1.000137e+00 1.000056e+00 1.000088e+00 4.934158e-03 1.000014e+00 1.000382e+00 1.197169e-01 
438 4381  4.305146633098948933e-02 0 0 4.278630e-01 -8.688578e-05 1.000148e+00 1.000051e+00 1.000045e+00 4.965591e-03 1.000014e+00 1.000376e+00 1.197169e-01 
439 4391  4.305156441005732193e-02 0 0 4.278636e-01 -9.016475e-05 1.000154e+00 1.000075e+00 1.000018e+00 4.928021e-03 1.000033e+00 1.000366e+00 1.197161e-01 
440 4401  4.305150944869329255e-02 0 0 4.278449e-01 -1.272787e-04 1.000145e+00 1.000074e+00 1.000028e+00 4.867515e-03 1.000033e+00 1.000373e+00 1.197171e-01 
441 4411  4.305154726768943563e-02 0 0 4.278252e-01 -5.941603e-05 1.000111e+00 1.000033e+00 1.000051e+00 4.968984e-03 1.000036e+00 1.000362e+00 1.197114e-01 
442 4421  4.305151419408922986e-02 0 0 4.278070e-01 -8.911712e-05 1.000128e+00 1.000035e+00 1.000014e+00 4.919515e-03 1.000033e+00 1.000379e+00 1.197122e-01 
443 4431  4.305179676878475442e-02 0 0 4.278508e-01 -5.626631e-05 1.000136e+00 1.000032e+00 9.999670e-01 4.899778e-03 1.000029e+00 1.000375e+00 1.197151e-01 
444 4441  4.305152411344779356e-02 0 0 4.278298e-01 -5.425485e-05 1.000169e+00 1.000040e+00 1.000048e+00 4.954519e-03 1.000041e+00 1.000368e+00 1.197114e-01 
445 4451  4.305151433511783532e-02 0 0 4.278575e-01 -1.056468e-04 1.000124e+00 1.000044e+00 1.000026e+00 4.957543e-03 1.000005e+00 1.000403e+00 1.197167e-01 
446 4461  4.305158763305391018e-02 0 0 4.278619e-01 -7.133099e-05 1.000106e+00 1.000036e+00 1.000070e+00 4.994134e-03 1.000027e+00 1.000389e+00 1.197160e-01 
447 4471  4.305153928608166508e-02 0 0 4.278493e-01 -8.835994e-05 1.000109e+00 1.000046e+00 9.999707e-01 4.921658e-03 1.000016e+00 1.000403e+00 1.197172e-01 
448 4481  4.305152976577366480e-02 0 0 4.278389e-01 -5.402888e-05 1.000085e+00 1.000035e+00 1.000112e+00 4.970566e-03 1.000024e+00 1.000411e+00 1.197173e-01 
449 4491  4.305156811265715283e-02 0 0 4.278681e-01 -3.037809e-05 1.000093e+00 1.000024e+00 1.000047e+00 5.012300e-03 1.000032e+00 1.000369e+00 1.197160e-01 
450 4501  4.305149598807765654e-02 0 0 4.278782e-01 -7.417709e-05 1.000123e+00 1.000045e+00 1.000073e+00 4.988133e-03 1.000010e+00 1.000385e+00 1.197162e-01 
451 4511  4.305153240744112597e-02 0 0 4.278569e-01 -6.089573e-05 1.000120e+00 1.000050e+00 1.000051e+00 5.003431e-03 1.000021e+00 1.000397e+00 1.197167e-01 
452 4521  4.305151166580565431e-02 0 0 4.278521e-01 -8.396077e-05 1.000134e+00 1.000035e+00 1.000036e+00 4.980474e-03 1.000017e+00 1.000403e+00 1.197170e-01 
453 4531  4.305147948965269006e-02 0 0 4.278574e-01 -7.562719e-05 1.000131e+00 1.000028e+00 1.000028e+00 4.994753e-03 1.000021e+00 1.000402e+00 1.197171e-01 
454 4541  4.305154070077760187e-02 0 0 4.278637e-01 -7.028431e-05 1.000127e+00 1.000055e+00 1.000046e+00 4.998967e-03 1.000022e+00 1.000396e+00 1.197164e-01 
455 4551  4.305151122753699683e-02 0 0 4.278757e-01 -7.966850e-05 1.000147e+00 1.000047e+00 1.000068e+00 5.004534e-03 1.000028e+00 1.000371e+00 1.197162e-01 
456 4561  4.305151758699654607e-02 0 0 4.278734e-01 -6.585528e-05 1.000134e+00 1.000039e+00 1.000070e+00 5.017154e-03 1.000035e+00 1.000377e+00 1.197163e-01 
457 4571  4.305146871477559534e-02 0 0 4.278698e-01 -7.041106e-05 1.000140e+00 1.000036e+00 1.000067e+00 4.992682e-03 1.000033e+00 1.000379e+00 1.197167e-01 
458 4581  4.305147039429121220e-02 0 0 4.278681e-01 -7.178365e-05 1.000134e+00 1.000046e+00 1.000022e+00 4.994980e-03 1.000030e+00 1.000380e+00 1.197168e-01 
459 4591  4.305153387465384535e-02 0 0 4.278720e-01 -7.791280e-05 1.000165e+00 1.000033e+00 1.000047e+00 5.011920e-03 1.000023e+00 1.000374e+00 1.197162e-01 
460 4601  4.305146006237638157e-02 0 0 4.278708e-01 -7.519356e-05 1.000160e+00 1.000031e+00 1.000014e+00 4.978479e-03 1.000037e+00 1.000385e+00 1.197168e-01 
461 4611  4.305147902028447909e-02 0 0 4.278810e-01 -6.063365e-05 1.000166e+00 1.000016e+00 1.000027e+00 5.001448e-03 1.000036e+00 1.000365e+00 1.197163e-01 
462 4621  4.305148557471277088e-02 0 0 4.278789e-01 -8.006746e-05 1.000189e+00 1.000036e+00 1.000011e+00 4.977166e-03 1.000026e+00 1.000354e+00 1.197163e-01 
463 4631  4.305152664872499702e-02 0 0 4.278824e-01 -5.464111e-05 1.000166e+00 1.000022e+00 1.000056e+00 5.000148e-03 1.000029e+00 1.000347e+00 1.197159e-01 
464 4641  4.305148714433795765e-02 0 0 4.278720e-01 -4.990340e-05 1.000159e+00 1.000019e+00 1.000005e+00 4.949664e-03 1.000031e+00 1.000345e+00 1.197165e-01 
465 4651  4.305147202614735547e-02 0 0 4.278769e-01 -6.827547e-05 1.000163e+00 1.000024e+00 1.000072e+00 5.006534e-03 1.000023e+00 1.000353e+00 1.197165e-01 
466 4661  4.305147532860302551e-02 0 0 4.278576e-01 -7.812509e-05 1.000150e+00 1.000011e+00 1.000041e+00 4.997821e-03 1.000017e+00 1.000363e+00 1.197171e-01 
467 4671  4.305151843786436672e-02 0 0 4.278825e-01 -6.499790e-05 1.000150e+00 1.000033e+00 1.000009e+00 5.002764e-03 1.000035e+00 1.000365e+00 1.197159e-01 
468 4681  4.305150697041076890e-02 0 0 4.278884e-01 -5.024421e-05 1.000128e+00 1.000040e+00 1.000054e+00 5.002277e-03 1.000032e+00 1.000346e+00 1.197159e-01 
469 4691  4.305147907313407185e-02 0 0 4.278717e-01 -4.813434e-05 1.000136e+00 1.000033e+00 1.000051e+00 4.972486e-03 1.000030e+00 1.000345e+00 1.197166e-01 
470 4701  4.305158617208194177e-02 0 0 4.278767e-01 -3.984125e-05 1.000140e+00 1.000036e+00 1.000066e+00 4.999700e-03 1.000041e+00 1.000344e+00 1.197156e-01 
471 4711  4.305148146050077895e-02 0 0 4.278747e-01 -4.378989e-05 1.000159e+00 1.000027e+00 1.000043e+00 4.984560e-03 1.000039e+00 1.000332e+00 1.197165e-01 
472 4721  4.305147997816250599e-02 0 0 4.278715e-01 -5.213015e-05 1.000155e+00 1.000024e+00 1.000032e+00 4.996271e-03 1.000033e+00 1.000349e+00 1.197166e-01 
473 4731  4.305145550026553275e-02 0 0 4.278648e-01 -5.776724e-05 1.000169e+00 1.000014e+00 1.000023e+00 4.985373e-03 1.000027e+00 1.000347e+00 1.197170e-01 
474 4741  4.305149970457512743e-02 0 0 4.278641e-01 -2.772131e-05 1.000150e+00 1.000012e+00 1.000057e+00 5.004479e-03 1.000039e+00 1.000337e+00 1.197167e-01 
475 4751  4.305152315978202915e-02 0 0 4.278683e-01 -3.997277e-05 1.000149e+00 1.000035e+00 1.000069e+00 5.009916e-03 1.000042e+00 1.000337e+00 1.197164e-01 
476 4761  4.305154354977233644e-02 0 0 4.278761e-01 -3.497601e-05 1.000154e+00 1.000024e+00 1.000049e+00 5.007407e-03 1.000028e+00 1.000318e+00 1.197159e-01 
477 4771  4.305148708034888666e-02 0 0 4.278730e-01 -5.063810e-05 1.000130e+00 1.000029e+00 1.000045e+00 4.969937e-03 1.000026e+00 1.000353e+00 1.197165e-01 
478 4781  4.305149471473766754e-02 0 0 4.278798e-01 -3.124809e-05 1.000166e+00 1.000022e+00 1.000049e+00 5.002382e-03 1.000029e+00 1.000311e+00 1.197162e-01 
479 4791  4.305148178524813296e-02 0 0 4.278805e-01 -2.880427e-05 1.000141e+00 1.000038e+00 1.000098e+00 5.019238e-03 1.000032e+00 1.000310e+00 1.197163e-01 
480 4801  4.305148272404931559e-02 0 0 4.278736e-01 -3.734215e-05 1.000140e+00 1.000027e+00 1.000078e+00 4.999935e-03 1.000027e+00 1.000322e+00 1.197165e-01 
481 4811  4.305146329419854562e-02 0 0 4.278645e-01 -2.447531e-05 1.000113e+00 1.000010e+00 1.000090e+00 5.010213e-03 1.000038e+00 1.000336e+00 1.197170e-01 
482 4821  4.305148013041638910e-02 0 0 4.278727e-01 -2.749863e-05 1.000143e+00 1.000015e+00 1.000079e+00 5.017269e-03 1.000035e+00 1.000320e+00 1.197166e-01 
483 4831  4.305149934529899081e-02 0 0 4.278657e-01 -2.582980e-05 1.000144e+00 9.999993e-01 1.000029e+00 4.994423e-03 1.000031e+00 1.000323e+00 1.197167e-01 
484 4841  4.305146621726840123e-02 0 0 4.278695e-01 -2.769240e-05 1.000142e+00 1.000013e+00 1.000014e+00 4.987703e-03 1.000031e+00 1.000322e+00 1.197168e-01 
485 4851  4.305146948413024477e-02 0 0 4.278669e-01 -2.039104e-05 1.000152e+00 1.000010e+00 1.000026e+00 4.997095e-03 1.000043e+00 1.000322e+00 1.197168e-01 
486 4861  4.305148884592902014e-02 0 0 4.278588e-01 -3.064380e-05 1.000162e+00 1.000000e+00 1.000031e+00 4.992158e-03 1.000034e+00 1.000324e+00 1.197169e-01 
487 4871  4.305146659615951416e-02 0 0 4.278557e-01 -2.878400e-05 1.000147e+00 1.000004e+00 1.000056e+00 4.986130e-03 1.000042e+00 1.000327e+00 1.197172e-01 
488 4881  4.305147976024746581e-02 0 0 4.278599e-01 -4.933258e-06 1.000135e+00 9.999976e-01 1.000031e+00 4.993640e-03 1.000045e+00 1.000331e+00 1.197171e-01 
489 4891  4.305149179145434379e-02 0 0 4.278600e-01 -1.394162e-05 1.000149e+00 1.000005e+00 1.000011e+00 4.990069e-03 1.000038e+00 1.000328e+00 1.197169e-01 
490 4901  4.305145599358160824e-02 0 0 4.278562e-01 -1.631571e-05 1.000149e+00 1.000004e+00 1.000028e+00 4.990875e-03 1.000045e+00 1.000328e+00 1.197173e-01 
491 4911  4.305145842279085172e-02 0 0 4.278545e-01 -4.137553e-06 1.000141e+00 1.000007e+00 1.000021e+00 4.986372e-03 1.000052e+00 1.000322e+00 1.197173e-01 
492 4921  4.305150628374269928e-02 0 0 4.278494e-01 -3.059838e-06 1.000132e+00 1.000003e+00 1.000052e+00 4.993096e-03 1.000054e+00 1.000329e+00 1.197171e-01 
493 4931  4.305148251509264418e-02 0 0 4.278628e-01 -7.879641e-06 1.000123e+00 1.000019e+00 1.000021e+00 4.984039e-03 1.000048e+00 1.000322e+00 1.197168e-01 
494 4941  4.305149175412441298e-02 0 0 4.278629e-01 1.233487e-06 1.000114e+00 1.000018e+00 1.000043e+00 5.006840e-03 1.000050e+00 1.000330e+00 1.197170e-01 
495 4951  4.305146749416700197e-02 0 0 4.278605e-01 -1.276855e-05 1.000137e+00 1.000031e+00 1.000041e+00 4.995398e-03 1.000047e+00 1.000331e+00 1.197171e-01 
496 4961  4.305145415102024781e-02 0 0 4.278623e-01 -9.504068e-06 1.000138e+00 1.000033e+00 1.000031e+00 4.990277e-03 1.000047e+00 1.000326e+00 1.197171e-01 
497 4971  4.305145441184812793e-02 0 0 4.278493e-01 -1.037444e-05 1.000156e+00 1.000010e+00 1.000007e+00 4.961682e-03 1.000042e+00 1.000328e+00 1.197175e-01 
498 4981  4.305145187226586123e-02 0 0 4.278568e-01 -1.635188e-05 1.000131e+00 1.000018e+00 1.000073e+00 4.993341e-03 1.000043e+00 1.000332e+00 1.197173e-01 
499 4991  4.305147301322563569e-02 0 0 4.278609e-01 -2.178658e-05 1.000157e+00 1.000014e+00 1.000018e+00 4.984696e-03 1.000033e+00 1.000324e+00 1.197170e-01 
500 5001  4.305145733224782778e-02 0 0 4.278518e-01 -2.879338e-05 1.000156e+00 1.000008e+00 1.000046e+00 4.959713e-03 1.000038e+00 1.000330e+00 1.197174e-01 
