79 791 6.294402e-02 0 0 3.269519e-02 9.371264e-02 4.569603e-02 4.978617e-02 4.782717e-02 5.591585e-02 2.614746e-02 3.919250e-02 2.089996e-02 
80 801 6.548126e-02 0 0 3.407100e-02 9.621075e-02 4.760649e-02 5.097463e-02 4.919670e-02 5.846942e-02 2.676357e-02 4.007323e-02 2.208832e-02 
81 811 6.110724e-02 0 0 3.134099e-02 8.934463e-02 4.372430e-02 4.707700e-02 4.583511e-02 5.450747e-02 2.454682e-02 3.744738e-02 2.026866e-02 
82 821 5.608944e-02 0 0 2.826391e-02 8.053441e-02 3.954454e-02 4.282963e-02 4.145340e-02 4.955315e-02 2.291825e-02 3.423263e-02 1.841182e-02 
83 831 5.293864e-02 0 0 2.644190e-02 7.563924e-02 3.687527e-02 3.997943e-02 4.084838e-02 4.652784e-02 2.127013e-02 3.276347e-02 1.704016e-02 
84 841 4.923197e-02 0 0 2.434579e-02 6.980983e-02 3.366855e-02 3.665218e-02 3.749195e-02 4.305269e-02 1.970780e-02 3.026909e-02 1.552976e-02 
85 851 4.672065e-02 0 0 2.315861e-02 6.577143e-02 3.186406e-02 3.413457e-02 3.509608e-02 4.087619e-02 1.847769e-02 2.849353e-02 1.442958e-02 
86 861 4.790704e-02 0 0 2.362985e-02 6.675738e-02 3.238981e-02 3.427092e-02 3.601807e-02 4.319374e-02 1.867016e-02 2.936735e-02 1.449701e-02 
87 871 4.268644e-02 0 0 2.092250e-02 5.888307e-02 2.842808e-02 3.003616e-02 3.155884e-02 3.816138e-02 1.646921e-02 2.582257e-02 1.266527e-02 
88 881 4.296211e-02 0 0 2.094156e-02 5.813419e-02 2.831577e-02 3.088194e-02 3.163853e-02 3.884139e-02 1.628476e-02 2.582281e-02 1.249186e-02 
89 891 4.153049e-02 0 0 2.006400e-02 5.516801e-02 2.721176e-02 3.085439e-02 3.031412e-02 3.740924e-02 1.548434e-02 2.481771e-02 1.192248e-02 
90 901 3.911511e-02 0 0 1.881438e-02 5.131766e-02 2.571883e-02 2.905885e-02 2.807316e-02 3.492037e-02 1.446418e-02 2.340303e-02 1.105324e-02 
91 911 3.467886e-02 0 0 1.645153e-02 4.483713e-02 2.267234e-02 2.531790e-02 2.468558e-02 3.042294e-02 1.259035e-02 2.068041e-02 9.612417e-03 
92 921 3.297487e-02 0 0 1.555717e-02 4.199313e-02 2.134114e-02 2.439131e-02 2.312002e-02 2.858454e-02 1.175659e-02 1.985667e-02 8.978402e-03 
93 931 3.451839e-02 0 0 1.652824e-02 4.477778e-02 2.218752e-02 2.661087e-02 2.381409e-02 3.109217e-02 1.213737e-02 2.079934e-02 9.222841e-03 
94 941 3.613732e-02 0 0 1.719095e-02 4.618020e-02 2.318007e-02 2.762855e-02 2.498236e-02 3.335805e-02 1.251508e-02 2.243407e-02 9.474071e-03 
95 951 3.379450e-02 0 0 1.584247e-02 4.310191e-02 2.127566e-02 2.558594e-02 2.327543e-02 3.099927e-02 1.153699e-02 2.087458e-02 8.719606e-03 
96 961 3.325066e-02 0 0 1.548000e-02 4.210436e-02 2.079857e-02 2.490765e-02 2.261931e-02 3.309379e-02 1.116495e-02 2.077882e-02 8.425113e-03 
97 971 3.235858e-02 0 0 1.493613e-02 4.026479e-02 2.006086e-02 2.495534e-02 2.181093e-02 3.205435e-02 1.084385e-02 1.995059e-02 8.121362e-03 
98 981 2.857410e-02 0 0 1.296802e-02 3.508856e-02 1.765440e-02 2.172959e-02 1.917525e-02 2.793085e-02 9.501803e-03 1.731021e-02 7.060598e-03 
99 991 2.748067e-02 0 0 1.228111e-02 3.370146e-02 1.749048e-02 2.059295e-02 1.907210e-02 2.683698e-02 9.123779e-03 1.670732e-02 6.695988e-03 
100 1001 2.559980e-02 0 0 1.142090e-02 3.102200e-02 1.615554e-02 1.923163e-02 1.767127e-02 2.472082e-02 8.610463e-03 1.540954e-02 6.143474e-03 
101 1011 2.612020e-02 0 0 1.153219e-02 3.139842e-02 1.698994e-02 2.014443e-02 1.787201e-02 2.493378e-02 8.675192e-03 1.544015e-02 6.148108e-03 
102 1021 2.606441e-02 0 0 1.127510e-02 3.095093e-02 1.686206e-02 1.992181e-02 1.755949e-02 2.486056e-02 8.643837e-03 1.526445e-02 6.023148e-03 
103 1031 2.608917e-02 0 0 1.108263e-02 3.093467e-02 1.664294e-02 2.048960e-02 1.734209e-02 2.465098e-02 8.542379e-03 1.512370e-02 5.930754e-03 
104 1041 2.805715e-02 0 0 1.178005e-02 3.272476e-02 1.784056e-02 2.288456e-02 1.832550e-02 2.644007e-02 9.558128e-03 1.611667e-02 6.315882e-03 
105 1051 3.001592e-02 0 0 1.261283e-02 3.451661e-02 1.940380e-02 2.543568e-02 1.930782e-02 2.802393e-02 1.026482e-02 1.723138e-02 6.698575e-03 
106 1061 2.764727e-02 0 0 1.150482e-02 3.141283e-02 1.766390e-02 2.323252e-02 1.764915e-02 2.552541e-02 9.288236e-03 1.587015e-02 6.150940e-03 
107 1071 2.688197e-02 0 0 1.114150e-02 3.010929e-02 1.688477e-02 2.214138e-02 1.712898e-02 2.559117e-02 9.009053e-03 1.510998e-02 5.899292e-03 
108 1081 2.647734e-02 0 0 1.078974e-02 2.914294e-02 1.642148e-02 2.188858e-02 1.660510e-02 2.526337e-02 8.836325e-03 1.464895e-02 5.762460e-03 
109 1091 2.600718e-02 0 0 1.057690e-02 2.816500e-02 1.605663e-02 2.159558e-02 1.600778e-02 2.453987e-02 8.748295e-03 1.434662e-02 5.554827e-03 
110 1101 2.360747e-02 0 0 9.422048e-03 2.552832e-02 1.428746e-02 1.933722e-02 1.456737e-02 2.181223e-02 7.880825e-03 1.286696e-02 4.952288e-03 
111 1111 2.049651e-02 0 0 8.220145e-03 2.187903e-02 1.217357e-02 1.649671e-02 1.275140e-02 1.861034e-02 6.722515e-03 1.097998e-02 4.221976e-03 
112 1121 1.821726e-02 0 0 7.195058e-03 1.918726e-02 1.060580e-02 1.440085e-02 1.114534e-02 1.632793e-02 5.976328e-03 9.624159e-03 3.696964e-03 
113 1131 1.691358e-02 0 0 6.770035e-03 1.748801e-02 9.698104e-03 1.329321e-02 1.014876e-02 1.508729e-02 5.457555e-03 8.836592e-03 3.374346e-03 
114 1141 1.684279e-02 0 0 6.698933e-03 1.718950e-02 9.674242e-03 1.336407e-02 1.010660e-02 1.478069e-02 5.341741e-03 8.631456e-03 3.329049e-03 
115 1151 1.490526e-02 0 0 5.957201e-03 1.490240e-02 8.408806e-03 1.189390e-02 8.949313e-03 1.281734e-02 4.653505e-03 7.603087e-03 2.895309e-03 
116 1161 1.497716e-02 0 0 6.002117e-03 1.478855e-02 8.482382e-03 1.289694e-02 8.816390e-03 1.263728e-02 4.587333e-03 7.535780e-03 2.867999e-03 
117 1171 1.406258e-02 0 0 5.645229e-03 1.361962e-02 7.844792e-03 1.208964e-02 8.121732e-03 1.171693e-02 4.252870e-03 6.947357e-03 2.641621e-03 
118 1181 1.362598e-02 0 0 5.478351e-03 1.295132e-02 7.480655e-03 1.156562e-02 7.735411e-03 1.152958e-02 4.206346e-03 6.646077e-03 2.507711e-03 
119 1191 1.367269e-02 0 0 5.487953e-03 1.288134e-02 7.494355e-03 1.179105e-02 7.882154e-03 1.160507e-02 4.191823e-03 6.533250e-03 2.467479e-03 
120 1201 1.433821e-02 0 0 5.746316e-03 1.324191e-02 7.722768e-03 1.232811e-02 8.167262e-03 1.263992e-02 4.396337e-03 6.719844e-03 2.552250e-03 
121 1211 1.554255e-02 0 0 6.356310e-03 1.422798e-02 8.883684e-03 1.334957e-02 8.785490e-03 1.432871e-02 4.733581e-03 7.240193e-03 2.749653e-03 
122 1221 1.675509e-02 0 0 6.785410e-03 1.508594e-02 9.859172e-03 1.466342e-02 9.434308e-03 1.549237e-02 5.039746e-03 7.670225e-03 2.915642e-03 
123 1231 1.649370e-02 0 0 6.603532e-03 1.456461e-02 9.708154e-03 1.496624e-02 9.173638e-03 1.526940e-02 4.864160e-03 7.524276e-03 2.818426e-03 
124 1241 1.563499e-02 0 0 6.242895e-03 1.357073e-02 9.293091e-03 1.419026e-02 8.619337e-03 1.467589e-02 4.534237e-03 7.105444e-03 2.630839e-03 
125 1251 1.572684e-02 0 0 6.564734e-03 1.341891e-02 9.406888e-03 1.407828e-02 8.531704e-03 1.550776e-02 4.476938e-03 7.069949e-03 2.593331e-03 
126 1261 1.710049e-02 0 0 7.380060e-03 1.429652e-02 1.007354e-02 1.510327e-02 9.285379e-03 1.836211e-02 4.796338e-03 7.558526e-03 2.773939e-03 
127 1271 1.781613e-02 0 0 7.708842e-03 1.467680e-02 1.032340e-02 1.575856e-02 9.562670e-03 1.990209e-02 4.961880e-03 7.981743e-03 2.860552e-03 
128 1281 1.776684e-02 0 0 7.621790e-03 1.439737e-02 1.062647e-02 1.542277e-02 9.409768e-03 2.000535e-02 4.867967e-03 7.867525e-03 2.795764e-03 
129 1291 1.721937e-02 0 0 7.661776e-03 1.381240e-02 1.038924e-02 1.478796e-02 9.041450e-03 1.962163e-02 4.668201e-03 7.516869e-03 2.683898e-03 
130 1301 1.791636e-02 0 0 8.360882e-03 1.409120e-02 1.078406e-02 1.559710e-02 9.293215e-03 2.141452e-02 4.795582e-03 7.736958e-03 2.760207e-03 
131 1311 1.809104e-02 0 0 8.642212e-03 1.401694e-02 1.089966e-02 1.567286e-02 9.517787e-03 2.215242e-02 4.804126e-03 7.694486e-03 2.758144e-03 
132 1321 1.944494e-02 0 0 9.468602e-03 1.497561e-02 1.194313e-02 1.689194e-02 1.023315e-02 2.445913e-02 5.164136e-03 8.154614e-03 2.930619e-03 
133 1331 2.057665e-02 0 0 9.895557e-03 1.559574e-02 1.260991e-02 1.828748e-02 1.067568e-02 2.623127e-02 5.425163e-03 8.720930e-03 3.110385e-03 
134 1341 1.871005e-02 0 0 8.908807e-03 1.413390e-02 1.130034e-02 1.644784e-02 9.525965e-03 2.367738e-02 4.851781e-03 7.828741e-03 2.778298e-03 
135 1351 1.903123e-02 0 0 9.182499e-03 1.431570e-02 1.160367e-02 1.761296e-02 9.615691e-03 2.366569e-02 4.866813e-03 7.848400e-03 2.813645e-03 
136 1361 1.889004e-02 0 0 8.988950e-03 1.408261e-02 1.138971e-02 1.787479e-02 9.492782e-03 2.308480e-02 4.751029e-03 7.654442e-03 2.766755e-03 
137 1371 1.759930e-02 0 0 8.222712e-03 1.301660e-02 1.049803e-02 1.668429e-02 8.925058e-03 2.121061e-02 4.375808e-03 7.043528e-03 2.533340e-03 
138 1381 1.649105e-02 0 0 7.568950e-03 1.201244e-02 9.686745e-03 1.593501e-02 8.249940e-03 1.948607e-02 4.040423e-03 6.768593e-03 2.333586e-03 
139 1391 1.556397e-02 0 0 7.120316e-03 1.122151e-02 9.079283e-03 1.492296e-02 7.751719e-03 1.816856e-02 3.772605e-03 6.327768e-03 2.195413e-03 
140 1401 1.500575e-02 0 0 6.814214e-03 1.066408e-02 8.630307e-03 1.466166e-02 7.408344e-03 1.741467e-02 3.620834e-03 6.108523e-03 2.093198e-03 
141 1411 1.682116e-02 0 0 7.898557e-03 1.178527e-02 9.872230e-03 1.823651e-02 8.465790e-03 1.940845e-02 3.976655e-03 6.741601e-03 2.300785e-03 
142 1421 1.854141e-02 0 0 8.941198e-03 1.282531e-02 1.103897e-02 2.135389e-02 9.254952e-03 2.099664e-02 4.396704e-03 7.384822e-03 2.500763e-03 
143 1431 1.927985e-02 0 0 9.271535e-03 1.323668e-02 1.160478e-02 2.314603e-02 9.529604e-03 2.152195e-02 4.570302e-03 7.649671e-03 2.552946e-03 
144 1441 1.959339e-02 0 0 9.562851e-03 1.323039e-02 1.177480e-02 2.433198e-02 9.661072e-03 2.152712e-02 4.595078e-03 7.748246e-03 2.560237e-03 
145 1451 1.972535e-02 0 0 9.519774e-03 1.320230e-02 1.161789e-02 2.554413e-02 9.642426e-03 2.129772e-02 4.567882e-03 7.839579e-03 2.529466e-03 
146 1461 1.986695e-02 0 0 9.590784e-03 1.317932e-02 1.159581e-02 2.660675e-02 9.512997e-03 2.128977e-02 4.528702e-03 7.822235e-03 2.574381e-03 
147 1471 1.772149e-02 0 0 8.494378e-03 1.153118e-02 1.015714e-02 2.352666e-02 8.449259e-03 1.878807e-02 3.976605e-03 6.872891e-03 2.254331e-03 
148 1481 1.868320e-02 0 0 8.960951e-03 1.199590e-02 1.051387e-02 2.589877e-02 8.810153e-03 1.958675e-02 4.209480e-03 7.309577e-03 2.337933e-03 
149 1491 2.125216e-02 0 0 1.019215e-02 1.358953e-02 1.182256e-02 3.183340e-02 9.895123e-03 2.189773e-02 4.842486e-03 8.215932e-03 2.611722e-03 
150 1501 2.242683e-02 0 0 1.095309e-02 1.404752e-02 1.234434e-02 3.397447e-02 1.033528e-02 2.310650e-02 5.193004e-03 8.540760e-03 2.703568e-03 
151 1511 2.420307e-02 0 0 1.168328e-02 1.487118e-02 1.308547e-02 3.832717e-02 1.113791e-02 2.469225e-02 5.659817e-03 9.119193e-03 2.857495e-03 
152 1521 2.602525e-02 0 0 1.241422e-02 1.566185e-02 1.396731e-02 4.169905e-02 1.182362e-02 2.606910e-02 6.087137e-03 9.814101e-03 3.008933e-03 
153 1531 2.874630e-02 0 0 1.348006e-02 1.703725e-02 1.536116e-02 4.557225e-02 1.306746e-02 2.934963e-02 6.679138e-03 1.075086e-02 3.316283e-03 
154 1541 2.862900e-02 0 0 1.323867e-02 1.662270e-02 1.502753e-02 4.516333e-02 1.307416e-02 2.888074e-02 6.612618e-03 1.055822e-02 3.275376e-03 
155 1551 2.926333e-02 0 0 1.329033e-02 1.671560e-02 1.525659e-02 4.539186e-02 1.428657e-02 2.901884e-02 6.649297e-03 1.070394e-02 3.301960e-03 
156 1561 2.805564e-02 0 0 1.269117e-02 1.582645e-02 1.448688e-02 4.348903e-02 1.379574e-02 2.744105e-02 6.263347e-03 1.005678e-02 3.133665e-03 
157 1571 2.873201e-02 0 0 1.287634e-02 1.609895e-02 1.455800e-02 4.444268e-02 1.458253e-02 2.762630e-02 6.313407e-03 1.013983e-02 3.201532e-03 
158 1581 2.564240e-02 0 0 1.130750e-02 1.419418e-02 1.283403e-02 3.945299e-02 1.315368e-02 2.454450e-02 5.530854e-03 8.917795e-03 2.804257e-03 
159 1591 2.385486e-02 0 0 1.048794e-02 1.298193e-02 1.194426e-02 3.625631e-02 1.223846e-02 2.274159e-02 5.122158e-03 8.302842e-03 2.562747e-03 
160 1601 2.323561e-02 0 0 1.011738e-02 1.243730e-02 1.153622e-02 3.479704e-02 1.188353e-02 2.169806e-02 4.966046e-03 8.113382e-03 2.468419e-03 
161 1611 2.299292e-02 0 0 1.006531e-02 1.231727e-02 1.153111e-02 3.386457e-02 1.164096e-02 2.125596e-02 4.958835e-03 8.003463e-03 2.402261e-03 
162 1621 2.375578e-02 0 0 1.035594e-02 1.250393e-02 1.190705e-02 3.468500e-02 1.200981e-02 2.159529e-02 5.168589e-03 8.183085e-03 2.438223e-03 
163 1631 2.158420e-02 0 0 9.284211e-03 1.138883e-02 1.093396e-02 3.099354e-02 1.082401e-02 1.956441e-02 4.738798e-03 7.352442e-03 2.173915e-03 
164 1641 1.981727e-02 0 0 8.407647e-03 1.051890e-02 1.000569e-02 2.797325e-02 9.754218e-03 1.765217e-02 4.305771e-03 6.649931e-03 1.955988e-03 
165 1651 1.903339e-02 0 0 8.010931e-03 1.009673e-02 9.751929e-03 2.671330e-02 9.189966e-03 1.696876e-02 4.139687e-03 6.311647e-03 1.867307e-03 
166 1661 1.717723e-02 0 0 7.177733e-03 9.125090e-03 8.905099e-03 2.376163e-02 8.322933e-03 1.515405e-02 3.722016e-03 5.582813e-03 1.658675e-03 
167 1671 1.639070e-02 0 0 6.755272e-03 8.595436e-03 8.543745e-03 2.235816e-02 7.872541e-03 1.446656e-02 3.553208e-03 5.230626e-03 1.601979e-03 
168 1681 1.573390e-02 0 0 6.388331e-03 8.142026e-03 8.191973e-03 2.126120e-02 7.434899e-03 1.365610e-02 3.427205e-03 4.962282e-03 1.518649e-03 
169 1691 1.556400e-02 0 0 6.269685e-03 7.894054e-03 8.207928e-03 2.068668e-02 7.264335e-03 1.333138e-02 3.374080e-03 4.909520e-03 1.497795e-03 
170 1701 1.504085e-02 0 0 5.953354e-03 7.577205e-03 7.845258e-03 1.962204e-02 7.040278e-03 1.277236e-02 3.259109e-03 4.705322e-03 1.433605e-03 
171 1711 1.477260e-02 0 0 5.726047e-03 7.307843e-03 7.648691e-03 1.892986e-02 6.877986e-03 1.232609e-02 3.260909e-03 4.556960e-03 1.427600e-03 
172 1721 1.518260e-02 0 0 5.814295e-03 7.418021e-03 7.732956e-03 1.908342e-02 7.167870e-03 1.254495e-02 3.438530e-03 4.596802e-03 1.466417e-03 
173 1731 1.482650e-02 0 0 5.616127e-03 7.293647e-03 7.421522e-03 1.828445e-02 6.947641e-03 1.221484e-02 3.339108e-03 4.411126e-03 1.445014e-03 
174 1741 1.328740e-02 0 0 5.067336e-03 6.465150e-03 6.537684e-03 1.612139e-02 6.181018e-03 1.080383e-02 2.942536e-03 3.881027e-03 1.281211e-03 
175 1751 1.212041e-02 0 0 4.540085e-03 5.964131e-03 5.893614e-03 1.448835e-02 5.636572e-03 9.815581e-03 2.647252e-03 3.491164e-03 1.147176e-03 
176 1761 1.141864e-02 0 0 4.247037e-03 5.526396e-03 5.480147e-03 1.339822e-02 5.325948e-03 9.305180e-03 2.495049e-03 3.252243e-03 1.061814e-03 
177 1771 1.036032e-02 0 0 3.800995e-03 4.937121e-03 4.960714e-03 1.190659e-02 4.755016e-03 8.336643e-03 2.234561e-03 2.937649e-03 9.446410e-04 
178 1781 9.315406e-03 0 0 3.391225e-03 4.361819e-03 4.425804e-03 1.049385e-02 4.342994e-03 7.356118e-03 1.981553e-03 2.608804e-03 8.342688e-04 
179 1791 8.386033e-03 0 0 2.999592e-03 3.867045e-03 3.927456e-03 9.258662e-03 3.881441e-03 6.551263e-03 1.772614e-03 2.315029e-03 7.442559e-04 
180 1801 7.852003e-03 0 0 2.829922e-03 3.572796e-03 3.610906e-03 8.513797e-03 3.651117e-03 6.145477e-03 1.635496e-03 2.197897e-03 6.857211e-04 
181 1811 7.330533e-03 0 0 2.621821e-03 3.271517e-03 3.331785e-03 7.828484e-03 3.376120e-03 5.641848e-03 1.524311e-03 2.052274e-03 6.339501e-04 
182 1821 6.759865e-03 0 0 2.379973e-03 2.987202e-03 3.032474e-03 7.100255e-03 3.048734e-03 5.139659e-03 1.402018e-03 1.869118e-03 5.781249e-04 
183 1831 6.141516e-03 0 0 2.160530e-03 2.667526e-03 2.702786e-03 6.365864e-03 2.737503e-03 4.617806e-03 1.253665e-03 1.690053e-03 5.214774e-04 
184 1841 6.448637e-03 0 0 2.236839e-03 2.836863e-03 2.860552e-03 6.565805e-03 3.002566e-03 4.882604e-03 1.316046e-03 1.892338e-03 5.443575e-04 
185 1851 6.233565e-03 0 0 2.129971e-03 2.805451e-03 2.769475e-03 6.223761e-03 2.913428e-03 4.646719e-03 1.257583e-03 1.825398e-03 5.210258e-04 
186 1861 5.832975e-03 0 0 1.961777e-03 2.597180e-03 2.564801e-03 5.747862e-03 2.714480e-03 4.284556e-03 1.158007e-03 1.723875e-03 4.815377e-04 
187 1871 5.388455e-03 0 0 1.818211e-03 2.424093e-03 2.348125e-03 5.205093e-03 2.468133e-03 3.934273e-03 1.058819e-03 1.568479e-03 4.436512e-04 
188 1881 5.438680e-03 0 0 1.809797e-03 2.416091e-03 2.335735e-03 5.179639e-03 2.557198e-03 3.898404e-03 1.067588e-03 1.561979e-03 4.404119e-04 
189 1891 4.873987e-03 0 0 1.613663e-03 2.144004e-03 2.059108e-03 4.554636e-03 2.261267e-03 3.451849e-03 9.535199e-04 1.407261e-03 3.904124e-04 
190 1901 4.429749e-03 0 0 1.445094e-03 1.924246e-03 1.846867e-03 4.055311e-03 2.019332e-03 3.092592e-03 8.665087e-04 1.256119e-03 3.495682e-04 
191 1911 3.991178e-03 0 0 1.301408e-03 1.702008e-03 1.660973e-03 3.579161e-03 1.788735e-03 2.745902e-03 7.688933e-04 1.112729e-03 3.117833e-04 
192 1921 3.861357e-03 0 0 1.257215e-03 1.620973e-03 1.607634e-03 3.419396e-03 1.710380e-03 2.606850e-03 7.336936e-04 1.066679e-03 2.997558e-04 
193 1931 4.064456e-03 0 0 1.302184e-03 1.691313e-03 1.704181e-03 3.543324e-03 1.775594e-03 2.779642e-03 7.692931e-04 1.124489e-03 3.107108e-04 
194 1941 3.946915e-03 0 0 1.259217e-03 1.634813e-03 1.632750e-03 3.374385e-03 1.748221e-03 2.705527e-03 7.351362e-04 1.077387e-03 2.962766e-04 
195 1951 3.581096e-03 0 0 1.125458e-03 1.468840e-03 1.469873e-03 3.000454e-03 1.570449e-03 2.437581e-03 6.633715e-04 9.586232e-04 2.662045e-04 
196 1961 3.040161e-03 0 0 9.498405e-04 1.224565e-03 1.238116e-03 2.500537e-03 1.315038e-03 2.053712e-03 5.532222e-04 7.976584e-04 2.216311e-04 
197 1971 2.901636e-03 0 0 8.933367e-04 1.169106e-03 1.174889e-03 2.363969e-03 1.242926e-03 1.983777e-03 5.253234e-04 7.517461e-04 2.097453e-04 
198 1981 2.579205e-03 0 0 7.809099e-04 1.031902e-03 1.034723e-03 2.074291e-03 1.092934e-03 1.755771e-03 4.607850e-04 6.584021e-04 1.857382e-04 
199 1991 2.296102e-03 0 0 6.873468e-04 9.072292e-04 9.136660e-04 1.815403e-03 9.628413e-04 1.545781e-03 4.033672e-04 5.790642e-04 1.638620e-04 
200 2001 2.211252e-03 0 0 6.521099e-04 8.729329e-04 8.635869e-04 1.716302e-03 9.277053e-04 1.479045e-03 3.837897e-04 5.572038e-04 1.570963e-04 
201 2011 2.122362e-03 0 0 6.247696e-04 8.294194e-04 8.315626e-04 1.623083e-03 8.864724e-04 1.428399e-03 3.627323e-04 5.309153e-04 1.482047e-04 
202 2021 1.986322e-03 0 0 5.809350e-04 7.657056e-04 7.659522e-04 1.488611e-03 8.232668e-04 1.329826e-03 3.351487e-04 4.979019e-04 1.362768e-04 
203 2031 1.949012e-03 0 0 5.654211e-04 7.622226e-04 7.426262e-04 1.438284e-03 8.071751e-04 1.291926e-03 3.347586e-04 4.830620e-04 1.327895e-04 
204 2041 1.839099e-03 0 0 5.255139e-04 7.148024e-04 6.941083e-04 1.333349e-03 7.502009e-04 1.208844e-03 3.129934e-04 4.503290e-04 1.272668e-04 
205 2051 1.783193e-03 0 0 5.012848e-04 6.817501e-04 6.727769e-04 1.275071e-03 7.180777e-04 1.170206e-03 3.003029e-04 4.372221e-04 1.221790e-04 
206 2061 1.744791e-03 0 0 4.990043e-04 6.627405e-04 6.510440e-04 1.229087e-03 7.052446e-04 1.130979e-03 2.921117e-04 4.377174e-04 1.198494e-04 
207 2071 1.704144e-03 0 0 4.828020e-04 6.364666e-04 6.413466e-04 1.180172e-03 6.795521e-04 1.123988e-03 2.804297e-04 4.206425e-04 1.157504e-04 
208 2081 1.695183e-03 0 0 4.721022e-04 6.338441e-04 6.420339e-04 1.153314e-03 6.670466e-04 1.108344e-03 2.939471e-04 4.202559e-04 1.135478e-04 
209 2091 1.745327e-03 0 0 4.809421e-04 6.432660e-04 6.654807e-04 1.164743e-03 6.848538e-04 1.126387e-03 3.111603e-04 4.548122e-04 1.156937e-04 
210 2101 1.683244e-03 0 0 4.554354e-04 6.157210e-04 6.326664e-04 1.102508e-03 6.528061e-04 1.068274e-03 2.998821e-04 4.387382e-04 1.103008e-04 
211 2111 1.724476e-03 0 0 4.633844e-04 6.284638e-04 6.386100e-04 1.110691e-03 6.649211e-04 1.077176e-03 3.084965e-04 4.657881e-04 1.127207e-04 
212 2121 1.655134e-03 0 0 4.386889e-04 5.939280e-04 6.018348e-04 1.046664e-03 6.404173e-04 1.028607e-03 2.951126e-04 4.451968e-04 1.066772e-04 
213 2131 1.664427e-03 0 0 4.400290e-04 5.881722e-04 6.062676e-04 1.037059e-03 6.614770e-04 1.016567e-03 3.007074e-04 4.407827e-04 1.056445e-04 
214 2141 1.707101e-03 0 0 4.523741e-04 5.998237e-04 6.213988e-04 1.048433e-03 6.959575e-04 1.027330e-03 3.084424e-04 4.458724e-04 1.069456e-04 
215 2151 1.715431e-03 0 0 4.503169e-04 6.008276e-04 6.223707e-04 1.039011e-03 7.004004e-04 1.017682e-03 3.077899e-04 4.395755e-04 1.082995e-04 
216 2161 1.692097e-03 0 0 4.375890e-04 5.856860e-04 6.040868e-04 1.008949e-03 7.128389e-04 9.969792e-04 3.058021e-04 4.254289e-04 1.054707e-04 
217 2171 1.761686e-03 0 0 4.471949e-04 5.984608e-04 6.277017e-04 1.032193e-03 7.679445e-04 1.020342e-03 3.129870e-04 4.488971e-04 1.105224e-04 
218 2181 1.739891e-03 0 0 4.366458e-04 5.856636e-04 6.159182e-04 1.000194e-03 7.562595e-04 9.874457e-04 3.074054e-04 4.419938e-04 1.086542e-04 
219 2191 1.761346e-03 0 0 4.380091e-04 5.841256e-04 6.194630e-04 9.980881e-04 8.039083e-04 9.847244e-04 3.151285e-04 4.404833e-04 1.093803e-04 
220 2201 1.661908e-03 0 0 4.085479e-04 5.480325e-04 5.759241e-04 9.226715e-04 7.767845e-04 9.101433e-04 2.932938e-04 4.091603e-04 1.025926e-04 
221 2211 1.587209e-03 0 0 3.856936e-04 5.178909e-04 5.428238e-04 8.641003e-04 7.550963e-04 8.538724e-04 2.760234e-04 3.849779e-04 9.686735e-05 
222 2221 1.691535e-03 0 0 4.044072e-04 5.559891e-04 5.790706e-04 9.269337e-04 8.394355e-04 8.935073e-04 2.933997e-04 4.050868e-04 1.049800e-04 
223 2231 1.727342e-03 0 0 4.085582e-04 5.611277e-04 5.813775e-04 9.297968e-04 8.736281e-04 8.961284e-04 2.960240e-04 4.233731e-04 1.057872e-04 
224 2241 1.811604e-03 0 0 4.306020e-04 5.807491e-04 6.077531e-04 9.680677e-04 9.542027e-04 9.213417e-04 3.066655e-04 4.482339e-04 1.107120e-04 
225 2251 1.823994e-03 0 0 4.260961e-04 5.744714e-04 6.074189e-04 9.569207e-04 1.025535e-03 9.106478e-04 3.082752e-04 4.463529e-04 1.100914e-04 
226 2261 1.831454e-03 0 0 4.200634e-04 5.691918e-04 6.005004e-04 9.446429e-04 1.055278e-03 9.041916e-04 3.044354e-04 4.565206e-04 1.086023e-04 
227 2271 1.908848e-03 0 0 4.318233e-04 5.843186e-04 6.200813e-04 9.750955e-04 1.124510e-03 9.287552e-04 3.145368e-04 4.740763e-04 1.150295e-04 
228 2281 2.114753e-03 0 0 4.717875e-04 6.352523e-04 6.811660e-04 1.066060e-03 1.371553e-03 1.015454e-03 3.432036e-04 5.601090e-04 1.266627e-04 
229 2291 2.142262e-03 0 0 4.701027e-04 6.412844e-04 6.778149e-04 1.062586e-03 1.427370e-03 1.013390e-03 3.424482e-04 5.673571e-04 1.286243e-04 
230 2301 2.178723e-03 0 0 4.874276e-04 6.427619e-04 6.791379e-04 1.067448e-03 1.448213e-03 1.024091e-03 3.425433e-04 5.765239e-04 1.286246e-04 
231 2311 2.412737e-03 0 0 5.337632e-04 7.317745e-04 7.499572e-04 1.172988e-03 1.635518e-03 1.113638e-03 3.748123e-04 6.291406e-04 1.412053e-04 
232 2321 2.743897e-03 0 0 6.059194e-04 8.221197e-04 8.539087e-04 1.337659e-03 1.955351e-03 1.246309e-03 4.210662e-04 7.050027e-04 1.590002e-04 
233 2331 3.108212e-03 0 0 6.773510e-04 9.220392e-04 9.552025e-04 1.491736e-03 2.399964e-03 1.389232e-03 4.719847e-04 7.878253e-04 1.777654e-04 
234 2341 3.800931e-03 0 0 8.231202e-04 1.130398e-03 1.166699e-03 1.805230e-03 3.081161e-03 1.691635e-03 5.732627e-04 9.580447e-04 2.149445e-04 
235 2351 4.328002e-03 0 0 9.277224e-04 1.268903e-03 1.321592e-03 2.016324e-03 3.609698e-03 1.886477e-03 6.436140e-04 1.072336e-03 2.436816e-04 
236 2361 5.464775e-03 0 0 1.160360e-03 1.588041e-03 1.661840e-03 2.516260e-03 4.743822e-03 2.353299e-03 8.050862e-04 1.342301e-03 3.058157e-04 
237 2371 5.831144e-03 0 0 1.214004e-03 1.663997e-03 1.737656e-03 2.650272e-03 5.034983e-03 2.463820e-03 8.786940e-04 1.403540e-03 3.233749e-04 
238 2381 6.816329e-03 0 0 1.429201e-03 1.960557e-03 2.002352e-03 3.058010e-03 5.884219e-03 2.864241e-03 1.022563e-03 1.624836e-03 3.755124e-04 
239 2391 7.595049e-03 0 0 1.580893e-03 2.158521e-03 2.186430e-03 3.397208e-03 6.636096e-03 3.236675e-03 1.124218e-03 1.774669e-03 4.109002e-04 
240 2401 7.966422e-03 0 0 1.675427e-03 2.222591e-03 2.251417e-03 3.496444e-03 7.230164e-03 3.354520e-03 1.169451e-03 1.826629e-03 4.295497e-04 
241 2411 7.739211e-03 0 0 1.600698e-03 2.148120e-03 2.168450e-03 3.335178e-03 6.975602e-03 3.202190e-03 1.147311e-03 1.747767e-03 4.095947e-04 
242 2421 8.079860e-03 0 0 1.655342e-03 2.215650e-03 2.257243e-03 3.415881e-03 7.707703e-03 3.345420e-03 1.182874e-03 1.794854e-03 4.377599e-04 
243 2431 9.000414e-03 0 0 1.815496e-03 2.442021e-03 2.586787e-03 3.731785e-03 9.163820e-03 3.711596e-03 1.312414e-03 1.966356e-03 4.947097e-04 
244 2441 9.803460e-03 0 0 1.958980e-03 2.619607e-03 2.779248e-03 3.984027e-03 1.087045e-02 4.119506e-03 1.402622e-03 2.154808e-03 5.370176e-04 
245 2451 9.954369e-03 0 0 2.003786e-03 2.614388e-03 2.786867e-03 3.987541e-03 1.111353e-02 4.150638e-03 1.394949e-03 2.159602e-03 5.413380e-04 
246 2461 9.365499e-03 0 0 1.866700e-03 2.485120e-03 2.580478e-03 3.711961e-03 1.031733e-02 3.865871e-03 1.289694e-03 2.009438e-03 4.993890e-04 
247 2471 8.750915e-03 0 0 1.721668e-03 2.304452e-03 2.372197e-03 3.403713e-03 9.478094e-03 3.589759e-03 1.200528e-03 1.869096e-03 4.620467e-04 
248 2481 8.787117e-03 0 0 1.726477e-03 2.272996e-03 2.351409e-03 3.376092e-03 9.591046e-03 3.593394e-03 1.224666e-03 1.868311e-03 4.579278e-04 
249 2491 9.073440e-03 0 0 1.774476e-03 2.303254e-03 2.431133e-03 3.431882e-03 1.031426e-02 3.651837e-03 1.275533e-03 1.898789e-03 4.638663e-04 
250 2501 8.818608e-03 0 0 1.706622e-03 2.197268e-03 2.348591e-03 3.285451e-03 1.003860e-02 3.499993e-03 1.245666e-03 1.832076e-03 4.427379e-04 
251 2511 8.882892e-03 0 0 1.690664e-03 2.193243e-03 2.321039e-03 3.263961e-03 1.029685e-02 3.455055e-03 1.256412e-03 1.824243e-03 4.374522e-04 
252 2521 9.185792e-03 0 0 1.740277e-03 2.233804e-03 2.436356e-03 3.366103e-03 1.104975e-02 3.539711e-03 1.296445e-03 1.854444e-03 4.600656e-04 
253 2531 9.764125e-03 0 0 1.980520e-03 2.348760e-03 2.564210e-03 3.559344e-03 1.176251e-02 3.765712e-03 1.364338e-03 1.964642e-03 4.829240e-04 
254 2541 9.752983e-03 0 0 1.985345e-03 2.316103e-03 2.533924e-03 3.523896e-03 1.218188e-02 3.774318e-03 1.350498e-03 1.940347e-03 4.754257e-04 
255 2551 1.045523e-02 0 0 2.111409e-03 2.432863e-03 2.733745e-03 3.705511e-03 1.355757e-02 3.981351e-03 1.453479e-03 2.061190e-03 5.004793e-04 
256 2561 1.115912e-02 0 0 2.244028e-03 2.555328e-03 2.875165e-03 3.929705e-03 1.506887e-02 4.207245e-03 1.542473e-03 2.202156e-03 5.278898e-04 
257 2571 1.133199e-02 0 0 2.297546e-03 2.564627e-03 3.018131e-03 3.984433e-03 1.577317e-02 4.283713e-03 1.553732e-03 2.234313e-03 5.445547e-04 
258 2581 1.257958e-02 0 0 2.509230e-03 2.825796e-03 3.299347e-03 4.485186e-03 1.927936e-02 4.703672e-03 1.723699e-03 2.450560e-03 6.033125e-04 
259 2591 1.444545e-02 0 0 2.880260e-03 3.233999e-03 3.740776e-03 5.067736e-03 2.491830e-02 5.334825e-03 1.993843e-03 2.762975e-03 7.445833e-04 
260 2601 1.568106e-02 0 0 3.135558e-03 3.522011e-03 3.998003e-03 5.416561e-03 2.754936e-02 5.759608e-03 2.168006e-03 2.962600e-03 8.287301e-04 
261 2611 1.512175e-02 0 0 2.982990e-03 3.338736e-03 3.790526e-03 5.130381e-03 2.675827e-02 5.483528e-03 2.089861e-03 2.809552e-03 7.982506e-04 
262 2621 1.348780e-02 0 0 2.645811e-03 2.940347e-03 3.331492e-03 4.527107e-03 2.365731e-02 4.823494e-03 1.859586e-03 2.464594e-03 7.005715e-04 
263 2631 1.367339e-02 0 0 2.636179e-03 2.945452e-03 3.405535e-03 4.522536e-03 2.585254e-02 4.884544e-03 1.902372e-03 2.475285e-03 7.165182e-04 
264 2641 1.395043e-02 0 0 2.681093e-03 3.039100e-03 3.538586e-03 4.652180e-03 2.609604e-02 4.951162e-03 1.913367e-03 2.505966e-03 7.274415e-04 
265 2651 1.480833e-02 0 0 2.939799e-03 3.197479e-03 3.881194e-03 4.912835e-03 2.755575e-02 5.196900e-03 2.012458e-03 2.621401e-03 7.731935e-04 
266 2661 1.398315e-02 0 0 2.742145e-03 2.974569e-03 3.639977e-03 4.608096e-03 2.603370e-02 4.815993e-03 1.887661e-03 2.446046e-03 7.254904e-04 
267 2671 1.304480e-02 0 0 2.552594e-03 2.766697e-03 3.460729e-03 4.252417e-03 2.394330e-02 4.419127e-03 1.738207e-03 2.276836e-03 6.691731e-04 
268 2681 1.218801e-02 0 0 2.345764e-03 2.552550e-03 3.195835e-03 3.956768e-03 2.207930e-02 4.054998e-03 1.622833e-03 2.099958e-03 6.122381e-04 
269 2691 1.123673e-02 0 0 2.138832e-03 2.314815e-03 2.909012e-03 3.642204e-03 1.999106e-02 3.788269e-03 1.474364e-03 1.905211e-03 5.542032e-04 
270 2701 1.092461e-02 0 0 2.115141e-03 2.263137e-03 2.771254e-03 3.481022e-03 1.910475e-02 3.658038e-03 1.432910e-03 1.839106e-03 5.290390e-04 
271 2711 1.065371e-02 0 0 2.052504e-03 2.219644e-03 2.717670e-03 3.393868e-03 1.844854e-02 3.519625e-03 1.389180e-03 1.769273e-03 5.065253e-04 
272 2721 1.082084e-02 0 0 2.075666e-03 2.228012e-03 2.715675e-03 3.405128e-03 1.982677e-02 3.588207e-03 1.390370e-03 1.774890e-03 5.127314e-04 
273 2731 1.068705e-02 0 0 2.061195e-03 2.175210e-03 2.664338e-03 3.330304e-03 2.004988e-02 3.504834e-03 1.375002e-03 1.744751e-03 4.993400e-04 
274 2741 1.172880e-02 0 0 2.227076e-03 2.384062e-03 2.880238e-03 3.585231e-03 2.397720e-02 3.775950e-03 1.544870e-03 1.882732e-03 5.438947e-04 
275 2751 1.244992e-02 0 0 2.326946e-03 2.529583e-03 3.017911e-03 3.762897e-03 2.630477e-02 3.938289e-03 1.648311e-03 1.967101e-03 5.687704e-04 
276 2761 1.297843e-02 0 0 2.381292e-03 2.629291e-03 3.120832e-03 3.858257e-03 2.793065e-02 4.067549e-03 1.763158e-03 2.025069e-03 5.816897e-04 
277 2771 1.425112e-02 0 0 2.584869e-03 2.876160e-03 3.443361e-03 4.180893e-03 3.256611e-02 4.445156e-03 1.933813e-03 2.214960e-03 6.424339e-04 
278 2781 1.500763e-02 0 0 2.721920e-03 3.004780e-03 3.634644e-03 4.322709e-03 3.605924e-02 4.645471e-03 2.077588e-03 2.315119e-03 6.755684e-04 
279 2791 1.472603e-02 0 0 2.617536e-03 2.996548e-03 3.511493e-03 4.182407e-03 3.578337e-02 4.472637e-03 2.019720e-03 2.245583e-03 6.532003e-04 
280 2801 1.615950e-02 0 0 2.820915e-03 3.227947e-03 3.833811e-03 4.552827e-03 4.109533e-02 5.028948e-03 2.177176e-03 2.519563e-03 7.054846e-04 
281 2811 1.653825e-02 0 0 2.857587e-03 3.268037e-03 3.854513e-03 4.693899e-03 4.262197e-02 5.092666e-03 2.219063e-03 2.549026e-03 7.128475e-04 
282 2821 1.718153e-02 0 0 3.040592e-03 3.463844e-03 4.036683e-03 4.866000e-03 4.451796e-02 5.301429e-03 2.275107e-03 2.631088e-03 7.410438e-04 
283 2831 1.736507e-02 0 0 3.038376e-03 3.441803e-03 4.055112e-03 4.869606e-03 4.441454e-02 5.289730e-03 2.317075e-03 2.648825e-03 7.410160e-04 
284 2841 1.673993e-02 0 0 2.887778e-03 3.272972e-03 3.869656e-03 4.620311e-03 4.242235e-02 5.074702e-03 2.281850e-03 2.591105e-03 7.034025e-04 
285 2851 1.597026e-02 0 0 2.728946e-03 3.129303e-03 3.692780e-03 4.363223e-03 3.980769e-02 4.772715e-03 2.192315e-03 2.450876e-03 6.616580e-04 
286 2861 1.452074e-02 0 0 2.443606e-03 2.811195e-03 3.333285e-03 3.943786e-03 3.567621e-02 4.339089e-03 1.964015e-03 2.223128e-03 5.895871e-04 
287 2871 1.323792e-02 0 0 2.197032e-03 2.527970e-03 3.051948e-03 3.560786e-03 3.194888e-02 3.938259e-03 1.756350e-03 2.042376e-03 5.276071e-04 
288 2881 1.132468e-02 0 0 1.844795e-03 2.132749e-03 2.563066e-03 2.995081e-03 2.689124e-02 3.322981e-03 1.479332e-03 1.748153e-03 4.432214e-04 
289 2891 1.016315e-02 0 0 1.666595e-03 1.900136e-03 2.273782e-03 2.661865e-03 2.365603e-02 2.941206e-03 1.322584e-03 1.553642e-03 3.942109e-04 
290 2901 1.006555e-02 0 0 1.645868e-03 1.886579e-03 2.223627e-03 2.591082e-03 2.307787e-02 2.872776e-03 1.316713e-03 1.517440e-03 3.839077e-04 
291 2911 1.060127e-02 0 0 1.787861e-03 2.026623e-03 2.331496e-03 2.760128e-03 2.400796e-02 3.001877e-03 1.369628e-03 1.582070e-03 4.003166e-04 
292 2921 1.208041e-02 0 0 2.131038e-03 2.306591e-03 2.928989e-03 3.189825e-03 2.704318e-02 3.394363e-03 1.576685e-03 1.793924e-03 4.477903e-04 
293 2931 1.369451e-02 0 0 2.418907e-03 2.675461e-03 3.528764e-03 3.568249e-03 3.007013e-02 3.876215e-03 1.765707e-03 2.013195e-03 5.011369e-04 
294 2941 1.387869e-02 0 0 2.418337e-03 2.708367e-03 3.567241e-03 3.615930e-03 2.988637e-02 3.986332e-03 1.776232e-03 2.012186e-03 5.015304e-04 
295 2951 1.270114e-02 0 0 2.196828e-03 2.452645e-03 3.225487e-03 3.257391e-03 2.688379e-02 3.616749e-03 1.605698e-03 1.810899e-03 4.508211e-04 
296 2961 1.144647e-02 0 0 1.984535e-03 2.179507e-03 2.905417e-03 2.903319e-03 2.378627e-02 3.205662e-03 1.423856e-03 1.609279e-03 3.990131e-04 
297 2971 1.098638e-02 0 0 1.889659e-03 2.104347e-03 2.787632e-03 2.805176e-03 2.242987e-02 3.045391e-03 1.347316e-03 1.546123e-03 3.783145e-04 
298 2981 1.020674e-02 0 0 1.733659e-03 1.926850e-03 2.570233e-03 2.580620e-03 2.047675e-02 2.813064e-03 1.239362e-03 1.440617e-03 3.455722e-04 
299 2991 9.457284e-03 0 0 1.600079e-03 1.751662e-03 2.373236e-03 2.369776e-03 1.865771e-02 2.586684e-03 1.131279e-03 1.321222e-03 3.171587e-04 
300 3001 8.861942e-03 0 0 1.484434e-03 1.612739e-03 2.201753e-03 2.228990e-03 1.716064e-02 2.389514e-03 1.040558e-03 1.241940e-03 2.914026e-04 
301 3011 8.184300e-03 0 0 1.358710e-03 1.479608e-03 2.011916e-03 2.030087e-03 1.558249e-02 2.197053e-03 9.466896e-04 1.138348e-03 2.651696e-04 
302 3021 8.106924e-03 0 0 1.321285e-03 1.450328e-03 2.015260e-03 1.986308e-03 1.520671e-02 2.143913e-03 9.248700e-04 1.118881e-03 2.660458e-04 
303 3031 8.372336e-03 0 0 1.344573e-03 1.476452e-03 2.058838e-03 2.013558e-03 1.551935e-02 2.341310e-03 9.367528e-04 1.171434e-03 2.722995e-04 
304 3041 8.202504e-03 0 0 1.298194e-03 1.431370e-03 1.982976e-03 1.941331e-03 1.494577e-02 2.309116e-03 9.179271e-04 1.132980e-03 2.631525e-04 
305 3051 7.755413e-03 0 0 1.215767e-03 1.330780e-03 1.867356e-03 1.817324e-03 1.392490e-02 2.184502e-03 8.587322e-04 1.056736e-03 2.487789e-04 
306 3061 6.909428e-03 0 0 1.063408e-03 1.214523e-03 1.642334e-03 1.588063e-03 1.216216e-02 1.955749e-03 7.504919e-04 9.429391e-04 2.214854e-04 
307 3071 6.703505e-03 0 0 1.022364e-03 1.171861e-03 1.582131e-03 1.518709e-03 1.157366e-02 1.884647e-03 7.418754e-04 9.033906e-04 2.143129e-04 
308 3081 5.884807e-03 0 0 8.888202e-04 1.034646e-03 1.372252e-03 1.315599e-03 9.962589e-03 1.635425e-03 6.487952e-04 7.777991e-04 1.853352e-04 
309 3091 5.520143e-03 0 0 8.201484e-04 9.546330e-04 1.272488e-03 1.216408e-03 9.170971e-03 1.538060e-03 5.996774e-04 7.407164e-04 1.709426e-04 
310 3101 5.285674e-03 0 0 7.735351e-04 9.075838e-04 1.197860e-03 1.141705e-03 8.610181e-03 1.482558e-03 5.737402e-04 7.103360e-04 1.608282e-04 
311 3111 5.134420e-03 0 0 7.362468e-04 8.701492e-04 1.144522e-03 1.090349e-03 8.191659e-03 1.474381e-03 5.512179e-04 6.852995e-04 1.555710e-04 
312 3121 4.719016e-03 0 0 6.724050e-04 7.960381e-04 1.044411e-03 9.921130e-04 7.384957e-03 1.341303e-03 5.080047e-04 6.187263e-04 1.417376e-04 
313 3131 4.662438e-03 0 0 6.629793e-04 7.780696e-04 1.086679e-03 9.810281e-04 7.199257e-03 1.302655e-03 4.933615e-04 6.044043e-04 1.378869e-04 
314 3141 4.338502e-03 0 0 6.062040e-04 7.108193e-04 1.010313e-03 9.071691e-04 6.571809e-03 1.191294e-03 4.529808e-04 5.543104e-04 1.263364e-04 
315 3151 4.070259e-03 0 0 5.594619e-04 6.576553e-04 9.499874e-04 8.363646e-04 6.065928e-03 1.101756e-03 4.211218e-04 5.140528e-04 1.162098e-04 
316 3161 4.044218e-03 0 0 5.498159e-04 6.919596e-04 9.525085e-04 8.237543e-04 5.918357e-03 1.085134e-03 4.188644e-04 5.011235e-04 1.135194e-04 
317 3171 4.078666e-03 0 0 5.697485e-04 7.059555e-04 9.542442e-04 8.215155e-04 5.851879e-03 1.074108e-03 4.160008e-04 5.071484e-04 1.140069e-04 
318 3181 3.727787e-03 0 0 5.128879e-04 6.469485e-04 8.603092e-04 7.465286e-04 5.270437e-03 1.001516e-03 3.778134e-04 4.630160e-04 1.021538e-04 
319 3191 3.267035e-03 0 0 4.421159e-04 5.640814e-04 7.420202e-04 6.415674e-04 4.567842e-03 8.744726e-04 3.282301e-04 4.004326e-04 8.802419e-05 
320 3201 2.886989e-03 0 0 3.870061e-04 4.893392e-04 6.488685e-04 5.571649e-04 3.954101e-03 7.591767e-04 2.850847e-04 3.502722e-04 7.636523e-05 
321 3211 2.620947e-03 0 0 3.502693e-04 4.448368e-04 5.869651e-04 4.991871e-04 3.537398e-03 6.820220e-04 2.572912e-04 3.201128e-04 6.843398e-05 
322 3221 2.493446e-03 0 0 3.297044e-04 4.170700e-04 5.510489e-04 4.700199e-04 3.312551e-03 6.491234e-04 2.460060e-04 3.039238e-04 6.410235e-05 
323 3231 2.438210e-03 0 0 3.207364e-04 4.153358e-04 5.307954e-04 4.614961e-04 3.178470e-03 6.292059e-04 2.402045e-04 2.942732e-04 6.180976e-05 
324 3241 2.420565e-03 0 0 3.139154e-04 4.182611e-04 5.261198e-04 4.587150e-04 3.099410e-03 6.246413e-04 2.383094e-04 2.915226e-04 6.056449e-05 
325 3251 2.423448e-03 0 0 3.110957e-04 4.221326e-04 5.221052e-04 4.535976e-04 3.040794e-03 6.173564e-04 2.392482e-04 2.918187e-04 5.962706e-05 
326 3261 2.297311e-03 0 0 2.958751e-04 3.956757e-04 4.863062e-04 4.330732e-04 2.832434e-03 5.828029e-04 2.277165e-04 2.827300e-04 5.628802e-05 
327 3271 2.295853e-03 0 0 2.937600e-04 3.897347e-04 4.787820e-04 4.246178e-04 2.776051e-03 6.030025e-04 2.292316e-04 2.807335e-04 5.563109e-05 
328 3281 2.459237e-03 0 0 3.370253e-04 4.105820e-04 5.051083e-04 4.494974e-04 2.917566e-03 6.470314e-04 2.504045e-04 2.976165e-04 6.360724e-05 
329 3291 2.433922e-03 0 0 3.299973e-04 4.015885e-04 4.951976e-04 4.407000e-04 2.831928e-03 6.406965e-04 2.526306e-04 2.903826e-04 6.244706e-05 
330 3301 2.376046e-03 0 0 3.380895e-04 3.848128e-04 4.799397e-04 4.248369e-04 2.707211e-03 6.302454e-04 2.454862e-04 2.784099e-04 6.128102e-05 
331 3311 2.258882e-03 0 0 3.219329e-04 3.657292e-04 4.480405e-04 3.968377e-04 2.530970e-03 5.884290e-04 2.337139e-04 2.651207e-04 5.751252e-05 
332 3321 2.027400e-03 0 0 2.846066e-04 3.230319e-04 3.941965e-04 3.507759e-04 2.234641e-03 5.321147e-04 2.070316e-04 2.373280e-04 5.128186e-05 
333 3331 1.861126e-03 0 0 2.583936e-04 2.941075e-04 3.624369e-04 3.191576e-04 2.012552e-03 4.859191e-04 1.932252e-04 2.165645e-04 4.630132e-05 
334 3341 1.742318e-03 0 0 2.389764e-04 2.743977e-04 3.347302e-04 2.935737e-04 1.851091e-03 4.614517e-04 1.820748e-04 1.993648e-04 4.369998e-05 
335 3351 1.582329e-03 0 0 2.156527e-04 2.458674e-04 2.987461e-04 2.654697e-04 1.648570e-03 4.131934e-04 1.635478e-04 1.791254e-04 4.061409e-05 
336 3361 1.548269e-03 0 0 2.078174e-04 2.486583e-04 2.886284e-04 2.613673e-04 1.581285e-03 4.070605e-04 1.569750e-04 1.743090e-04 3.947378e-05 
337 3371 1.397169e-03 0 0 1.843910e-04 2.210044e-04 2.559475e-04 2.353050e-04 1.403459e-03 3.655498e-04 1.414868e-04 1.554392e-04 3.530032e-05 
338 3381 1.176586e-03 0 0 1.556510e-04 1.835379e-04 2.128646e-04 1.963120e-04 1.157448e-03 3.027985e-04 1.185298e-04 1.301503e-04 2.948380e-05 
339 3391 1.108235e-03 0 0 1.449253e-04 1.708284e-04 1.969958e-04 1.818820e-04 1.069543e-03 2.850358e-04 1.098660e-04 1.246780e-04 2.754057e-05 
340 3401 1.099235e-03 0 0 1.423663e-04 1.715829e-04 1.979946e-04 1.775122e-04 1.039075e-03 2.986378e-04 1.068013e-04 1.224488e-04 2.735893e-05 
341 3411 1.085932e-03 0 0 1.393096e-04 1.678271e-04 1.968441e-04 1.725150e-04 1.008742e-03 3.027046e-04 1.040476e-04 1.209277e-04 2.674508e-05 
342 3421 1.101915e-03 0 0 1.397847e-04 1.720184e-04 1.983627e-04 1.738490e-04 1.009900e-03 3.146629e-04 1.051868e-04 1.207231e-04 2.750916e-05 
343 3431 1.216662e-03 0 0 1.560175e-04 2.014101e-04 2.163155e-04 1.899024e-04 1.105517e-03 3.457082e-04 1.169093e-04 1.401894e-04 3.042466e-05 
344 3441 1.259970e-03 0 0 1.712692e-04 2.080301e-04 2.213849e-04 1.967065e-04 1.123259e-03 3.515196e-04 1.214378e-04 1.444326e-04 3.154489e-05 
345 3451 1.171216e-03 0 0 1.587494e-04 1.907256e-04 2.022474e-04 1.811311e-04 1.024855e-03 3.223044e-04 1.122913e-04 1.335604e-04 2.923611e-05 
346 3461 1.107173e-03 0 0 1.473388e-04 1.774789e-04 1.900318e-04 1.742538e-04 9.486645e-04 3.027631e-04 1.069834e-04 1.251510e-04 2.708092e-05 
347 3471 1.072518e-03 0 0 1.403398e-04 1.708595e-04 1.811622e-04 1.687715e-04 9.006154e-04 2.901086e-04 1.046865e-04 1.192204e-04 2.580210e-05 
348 3481 1.090884e-03 0 0 1.409746e-04 1.758480e-04 1.819138e-04 1.736856e-04 8.991845e-04 2.956218e-04 1.047790e-04 1.209751e-04 2.573640e-05 
349 3491 1.180017e-03 0 0 1.495901e-04 1.915908e-04 1.937440e-04 2.003078e-04 9.530071e-04 3.171101e-04 1.156679e-04 1.291220e-04 2.756051e-05 
350 3501 1.195239e-03 0 0 1.514133e-04 1.923276e-04 1.942366e-04 2.036458e-04 9.470258e-04 3.209683e-04 1.176480e-04 1.305188e-04 2.781215e-05 
351 3511 1.145003e-03 0 0 1.428882e-04 1.824245e-04 1.908189e-04 1.938356e-04 8.904101e-04 3.035429e-04 1.130826e-04 1.232997e-04 2.655453e-05 
352 3521 1.145287e-03 0 0 1.405842e-04 1.799378e-04 1.890886e-04 1.949434e-04 8.746560e-04 2.998724e-04 1.120910e-04 1.270659e-04 2.646229e-05 
353 3531 1.045449e-03 0 0 1.274905e-04 1.631710e-04 1.695158e-04 1.757560e-04 7.832196e-04 2.724076e-04 1.009639e-04 1.149616e-04 2.381575e-05 
354 3541 9.340697e-04 0 0 1.130848e-04 1.433810e-04 1.485249e-04 1.558121e-04 6.861056e-04 2.385330e-04 9.003709e-05 1.012439e-04 2.112016e-05 
355 3551 9.421714e-04 0 0 1.125129e-04 1.435028e-04 1.567936e-04 1.553672e-04 6.786362e-04 2.368863e-04 8.965500e-05 1.026674e-04 2.090049e-05 
356 3561 1.015491e-03 0 0 1.224203e-04 1.531587e-04 1.734234e-04 1.665194e-04 7.168325e-04 2.550401e-04 9.621965e-05 1.186131e-04 2.231041e-05 
357 3571 9.099125e-04 0 0 1.076927e-04 1.349308e-04 1.547924e-04 1.466657e-04 6.305003e-04 2.262739e-04 8.478389e-05 1.063557e-04 1.971161e-05 
358 3581 8.346297e-04 0 0 9.689159e-05 1.226721e-04 1.417096e-04 1.324598e-04 5.686735e-04 2.057429e-04 7.675826e-05 9.608697e-05 1.799637e-05 
359 3591 7.780943e-04 0 0 8.887050e-05 1.170057e-04 1.310362e-04 1.240190e-04 5.210644e-04 1.900617e-04 7.064347e-05 8.825816e-05 1.662344e-05 
360 3601 6.955769e-04 0 0 7.877157e-05 1.034499e-04 1.149798e-04 1.092288e-04 4.572488e-04 1.672364e-04 6.267778e-05 7.735434e-05 1.458898e-05 
361 3611 6.821958e-04 0 0 7.593692e-05 1.016532e-04 1.106932e-04 1.081043e-04 4.426306e-04 1.634124e-04 6.101437e-05 7.983311e-05 1.426637e-05 
362 3621 6.803237e-04 0 0 7.544347e-05 1.028638e-04 1.115921e-04 1.073542e-04 4.327006e-04 1.626176e-04 5.998598e-05 8.007222e-05 1.425668e-05 
363 3631 6.523916e-04 0 0 7.141935e-05 9.907302e-05 1.077669e-04 1.019989e-04 4.067097e-04 1.561595e-04 5.676274e-05 7.577250e-05 1.359875e-05 
364 3641 6.607590e-04 0 0 7.163129e-05 1.031104e-04 1.078024e-04 1.032861e-04 4.057863e-04 1.580207e-04 5.686369e-05 7.605017e-05 1.376465e-05 
365 3651 7.155461e-04 0 0 7.628223e-05 1.127336e-04 1.262873e-04 1.122211e-04 4.315822e-04 1.720821e-04 6.057395e-05 8.149867e-05 1.517156e-05 
366 3661 7.097437e-04 0 0 7.518899e-05 1.111824e-04 1.265870e-04 1.103905e-04 4.196191e-04 1.704872e-04 5.952169e-05 7.945856e-05 1.498755e-05 
367 3671 6.868391e-04 0 0 7.462587e-05 1.062113e-04 1.221436e-04 1.050986e-04 3.982088e-04 1.636655e-04 5.659527e-05 7.592138e-05 1.459050e-05 
368 3681 6.509693e-04 0 0 7.017068e-05 1.010225e-04 1.172020e-04 9.780793e-05 3.734333e-04 1.534747e-04 5.277648e-05 7.124234e-05 1.364923e-05 
369 3691 6.234537e-04 0 0 6.769884e-05 9.559131e-05 1.133678e-04 9.278050e-05 3.562690e-04 1.447369e-04 5.075616e-05 6.735935e-05 1.293394e-05 
370 3701 5.660261e-04 0 0 6.110667e-05 8.587517e-05 1.031456e-04 8.457282e-05 3.185312e-04 1.335216e-04 4.579633e-05 6.095913e-05 1.155230e-05 
371 3711 5.079870e-04 0 0 5.421977e-05 7.647840e-05 9.173607e-05 7.488609e-05 2.818202e-04 1.178963e-04 4.080143e-05 5.423877e-05 1.026518e-05 
372 3721 4.813454e-04 0 0 5.113848e-05 7.226931e-05 8.574828e-05 7.007321e-05 2.622641e-04 1.109858e-04 4.034115e-05 5.115257e-05 9.796079e-06 
373 3731 4.901243e-04 0 0 5.190419e-05 7.403125e-05 8.830575e-05 7.040990e-05 2.626744e-04 1.129049e-04 4.123915e-05 5.140446e-05 9.959714e-06 
374 3741 5.042993e-04 0 0 5.248894e-05 8.195798e-05 9.146598e-05 7.341130e-05 2.659448e-04 1.158195e-04 4.261606e-05 5.215271e-05 1.010420e-05 
375 3751 4.757298e-04 0 0 4.927148e-05 7.717626e-05 8.626296e-05 6.886010e-05 2.474735e-04 1.114262e-04 4.045028e-05 4.870414e-05 9.559227e-06 
376 3761 4.164027e-04 0 0 4.270895e-05 6.690768e-05 7.597309e-05 5.912830e-05 2.131864e-04 9.645569e-05 3.501067e-05 4.181194e-05 8.215178e-06 
377 3771 3.859770e-04 0 0 3.893977e-05 6.075045e-05 7.183637e-05 5.378735e-05 1.952509e-04 8.791141e-05 3.199398e-05 3.818465e-05 7.461866e-06 
378 3781 3.792560e-04 0 0 3.814972e-05 5.918868e-05 7.206513e-05 5.258016e-05 1.907241e-04 8.522821e-05 3.104522e-05 3.696317e-05 7.234168e-06 
379 3791 3.635696e-04 0 0 3.680642e-05 5.576537e-05 6.897145e-05 5.142691e-05 1.797583e-04 8.022714e-05 2.947794e-05 3.519902e-05 6.856914e-06 
380 3801 3.196219e-04 0 0 3.225864e-05 4.885854e-05 6.021816e-05 4.568865e-05 1.566864e-04 6.941213e-05 2.553417e-05 3.036078e-05 5.925811e-06 
381 3811 3.106798e-04 0 0 3.087938e-05 4.815475e-05 5.923877e-05 4.420787e-05 1.501645e-04 6.709666e-05 2.489989e-05 2.922784e-05 5.661398e-06 
382 3821 2.873486e-04 0 0 2.830681e-05 4.374236e-05 5.400922e-05 4.026673e-05 1.394148e-04 6.345748e-05 2.272973e-05 2.661599e-05 5.195611e-06 
383 3831 2.821877e-04 0 0 2.779769e-05 4.282607e-05 5.209625e-05 3.956534e-05 1.362896e-04 6.389150e-05 2.199539e-05 2.655859e-05 5.155049e-06 
384 3841 2.817558e-04 0 0 2.791296e-05 4.246211e-05 5.161294e-05 3.881464e-05 1.347310e-04 6.382578e-05 2.187304e-05 2.686563e-05 5.207186e-06 
385 3851 2.977015e-04 0 0 2.925688e-05 4.821169e-05 5.608788e-05 4.033955e-05 1.409247e-04 6.806724e-05 2.331745e-05 2.897149e-05 5.620355e-06 
386 3861 3.131335e-04 0 0 3.039536e-05 5.367383e-05 5.946437e-05 4.238069e-05 1.469579e-04 7.511736e-05 2.454424e-05 3.041353e-05 6.021836e-06 
387 3871 3.372323e-04 0 0 3.254691e-05 6.272245e-05 6.501404e-05 4.559968e-05 1.590558e-04 8.190694e-05 2.629270e-05 3.283411e-05 6.698467e-06 
388 3881 3.274933e-04 0 0 3.122760e-05 6.163603e-05 6.283735e-05 4.369920e-05 1.526180e-04 7.981782e-05 2.515448e-05 3.161775e-05 6.466892e-06 
389 3891 3.072373e-04 0 0 3.031486e-05 5.727167e-05 5.929209e-05 4.173546e-05 1.419950e-04 7.345935e-05 2.323190e-05 3.022128e-05 6.062228e-06 
390 3901 3.175256e-04 0 0 3.087246e-05 6.013155e-05 6.057139e-05 4.254321e-05 1.454033e-04 7.606985e-05 2.379738e-05 3.091038e-05 6.182016e-06 
391 3911 3.315072e-04 0 0 3.259915e-05 6.179135e-05 6.366669e-05 4.376100e-05 1.491163e-04 7.977601e-05 2.462431e-05 3.175855e-05 6.333070e-06 
392 3921 3.187903e-04 0 0 3.090820e-05 5.848348e-05 6.074918e-05 4.229125e-05 1.421424e-04 7.583523e-05 2.346575e-05 2.995887e-05 5.977774e-06 
393 3931 3.110052e-04 0 0 3.132198e-05 5.628244e-05 5.895471e-05 4.149641e-05 1.360445e-04 7.386074e-05 2.268498e-05 2.950898e-05 5.907807e-06 
394 3941 2.936669e-04 0 0 2.913363e-05 5.349011e-05 5.527533e-05 3.876640e-05 1.264495e-04 6.957224e-05 2.119061e-05 2.791277e-05 5.477169e-06 
395 3951 2.684828e-04 0 0 2.636014e-05 4.874421e-05 4.994197e-05 3.516806e-05 1.147652e-04 6.285355e-05 1.958014e-05 2.507352e-05 4.944982e-06 
396 3961 2.434415e-04 0 0 2.357730e-05 4.356468e-05 4.475578e-05 3.134805e-05 1.026198e-04 5.642074e-05 1.753445e-05 2.243923e-05 4.395162e-06 
397 3971 2.419061e-04 0 0 2.326298e-05 4.304916e-05 4.508313e-05 3.072059e-05 1.018042e-04 5.504740e-05 1.759873e-05 2.209827e-05 4.287147e-06 
398 3981 2.295226e-04 0 0 2.167200e-05 4.005874e-05 4.221947e-05 2.913199e-05 9.612430e-05 5.234434e-05 1.670460e-05 2.070925e-05 4.018305e-06 
399 3991 2.183184e-04 0 0 2.033608e-05 3.791471e-05 3.944941e-05 2.772162e-05 8.985815e-05 4.929840e-05 1.571390e-05 1.976104e-05 3.782605e-06 
400 4001 2.138543e-04 0 0 1.961058e-05 3.672026e-05 3.797873e-05 2.674401e-05 8.680309e-05 4.843268e-05 1.531873e-05 1.923614e-05 3.631491e-06 
401 4011 2.178504e-04 0 0 2.000588e-05 3.672235e-05 3.818492e-05 2.796604e-05 8.803391e-05 5.013565e-05 1.529421e-05 1.923760e-05 3.699118e-06 
402 4021 2.287016e-04 0 0 2.081794e-05 3.932502e-05 3.966982e-05 2.977387e-05 9.193773e-05 5.697537e-05 1.629189e-05 2.000683e-05 4.034610e-06 
403 4031 2.592846e-04 0 0 2.381780e-05 4.821681e-05 4.715605e-05 3.513441e-05 1.038628e-04 6.879408e-05 1.835827e-05 2.340494e-05 4.597624e-06 
404 4041 2.867548e-04 0 0 2.651346e-05 5.576632e-05 5.204610e-05 4.026658e-05 1.131061e-04 8.191069e-05 2.033161e-05 2.742382e-05 5.345919e-06 
405 4051 2.579919e-04 0 0 2.340926e-05 4.981223e-05 4.635935e-05 3.617636e-05 1.010878e-04 7.355053e-05 1.811030e-05 2.458841e-05 4.762860e-06 
406 4061 2.325747e-04 0 0 2.081868e-05 4.429873e-05 4.124688e-05 3.207382e-05 8.960834e-05 6.509768e-05 1.601198e-05 2.257578e-05 4.289477e-06 
407 4071 2.229326e-04 0 0 1.964319e-05 4.211729e-05 3.974412e-05 3.052226e-05 8.478018e-05 6.313761e-05 1.514889e-05 2.137769e-05 4.051822e-06 
408 4081 2.301644e-04 0 0 2.064906e-05 4.311336e-05 4.025693e-05 3.116126e-05 8.612413e-05 6.436295e-05 1.552455e-05 2.198275e-05 4.173677e-06 
409 4091 2.158079e-04 0 0 1.908708e-05 4.025188e-05 3.724673e-05 2.917113e-05 7.986995e-05 6.012931e-05 1.474414e-05 2.036259e-05 3.877248e-06 
410 4101 1.996701e-04 0 0 1.774423e-05 3.695793e-05 3.384918e-05 2.690565e-05 7.308932e-05 5.485195e-05 1.380519e-05 1.862091e-05 3.565930e-06 
411 4111 1.882594e-04 0 0 1.677235e-05 3.502226e-05 3.203685e-05 2.576841e-05 6.765843e-05 5.183138e-05 1.289195e-05 1.740939e-05 3.318774e-06 
412 4121 1.843922e-04 0 0 1.662234e-05 3.546729e-05 3.132159e-05 2.518545e-05 6.532470e-05 5.028577e-05 1.280976e-05 1.734428e-05 3.440621e-06 
413 4131 1.854172e-04 0 0 1.682375e-05 3.599815e-05 3.092562e-05 2.590500e-05 6.472237e-05 5.015545e-05 1.315487e-05 1.737419e-05 3.461497e-06 
414 4141 1.820458e-04 0 0 1.653168e-05 3.556800e-05 3.001113e-05 2.562415e-05 6.425609e-05 4.929229e-05 1.290365e-05 1.686462e-05 3.373326e-06 
415 4151 1.794741e-04 0 0 1.630081e-05 3.513457e-05 2.972785e-05 2.507392e-05 6.285448e-05 4.820363e-05 1.264184e-05 1.637313e-05 3.325635e-06 
416 4161 1.903906e-04 0 0 1.706501e-05 3.744260e-05 3.152611e-05 2.611375e-05 6.654507e-05 5.138889e-05 1.348148e-05 1.772831e-05 3.490287e-06 
417 4171 1.900308e-04 0 0 1.673973e-05 3.718943e-05 3.132568e-05 2.607190e-05 6.580246e-05 5.058537e-05 1.333613e-05 1.755130e-05 3.466109e-06 
418 4181 1.875568e-04 0 0 1.658966e-05 3.605319e-05 3.132620e-05 2.524961e-05 6.454203e-05 4.983599e-05 1.331294e-05 1.712017e-05 3.410640e-06 
419 4191 1.844278e-04 0 0 1.612651e-05 3.514571e-05 3.031172e-05 2.479313e-05 6.303309e-05 4.870096e-05 1.287009e-05 1.669169e-05 3.307066e-06 
420 4201 1.979681e-04 0 0 1.718753e-05 3.733486e-05 3.238045e-05 2.695894e-05 6.647801e-05 5.249164e-05 1.382040e-05 1.795972e-05 3.535731e-06 
421 4211 1.894406e-04 0 0 1.621914e-05 3.529237e-05 3.047204e-05 2.565515e-05 6.271604e-05 5.062418e-05 1.312616e-05 1.697278e-05 3.379572e-06 
422 4221 1.735341e-04 0 0 1.472391e-05 3.174739e-05 2.741046e-05 2.325891e-05 5.705247e-05 4.573404e-05 1.182601e-05 1.534763e-05 3.100132e-06 
423 4231 1.749707e-04 0 0 1.494418e-05 3.176736e-05 2.711875e-05 2.318963e-05 5.647367e-05 4.576026e-05 1.188988e-05 1.560834e-05 3.293736e-06 
424 4241 1.792718e-04 0 0 1.524905e-05 3.223686e-05 2.775540e-05 2.345282e-05 5.780744e-05 4.659741e-05 1.218926e-05 1.600153e-05 3.479135e-06 
425 4251 1.889271e-04 0 0 1.633077e-05 3.366486e-05 2.886965e-05 2.499452e-05 6.116019e-05 4.860797e-05 1.265580e-05 1.820432e-05 3.696672e-06 
426 4261 1.990542e-04 0 0 1.744671e-05 3.483886e-05 3.039872e-05 2.662943e-05 6.644114e-05 5.101147e-05 1.312350e-05 1.938247e-05 3.862974e-06 
427 4271 1.968726e-04 0 0 1.700126e-05 3.412877e-05 3.041940e-05 2.599573e-05 6.581869e-05 5.005304e-05 1.342970e-05 1.898034e-05 3.772987e-06 
428 4281 1.782944e-04 0 0 1.555516e-05 3.053165e-05 2.723575e-05 2.333263e-05 5.905687e-05 4.486927e-05 1.211415e-05 1.694882e-05 3.366907e-06 
429 4291 1.640822e-04 0 0 1.412167e-05 2.781123e-05 2.481258e-05 2.119403e-05 5.445573e-05 4.049814e-05 1.106119e-05 1.544140e-05 3.041764e-06 
430 4301 1.527955e-04 0 0 1.290729e-05 2.557008e-05 2.284289e-05 1.949724e-05 5.009012e-05 3.707553e-05 1.022279e-05 1.416681e-05 2.772748e-06 
431 4311 1.448622e-04 0 0 1.224377e-05 2.416820e-05 2.135157e-05 1.848402e-05 4.686436e-05 3.519317e-05 9.714523e-06 1.403660e-05 2.674192e-06 
432 4321 1.408621e-04 0 0 1.177747e-05 2.319531e-05 2.049313e-05 1.776560e-05 4.534734e-05 3.363880e-05 9.384976e-06 1.360721e-05 2.567259e-06 
433 4331 1.506658e-04 0 0 1.271462e-05 2.445643e-05 2.204577e-05 1.898104e-05 4.805314e-05 3.620740e-05 1.018590e-05 1.468531e-05 2.705494e-06 
434 4341 1.564792e-04 0 0 1.349767e-05 2.500384e-05 2.294292e-05 1.955671e-05 4.916359e-05 3.686084e-05 1.047228e-05 1.515942e-05 2.762916e-06 
435 4351 1.580682e-04 0 0 1.404586e-05 2.507173e-05 2.289617e-05 1.942957e-05 4.889449e-05 3.748433e-05 1.041146e-05 1.536463e-05 2.761967e-06 
436 4361 1.709999e-04 0 0 1.596292e-05 2.811693e-05 2.480280e-05 2.114151e-05 5.200492e-05 4.077376e-05 1.112074e-05 1.675998e-05 2.941081e-06 
437 4371 1.640075e-04 0 0 1.523075e-05 2.677253e-05 2.355801e-05 1.990759e-05 4.943295e-05 3.851508e-05 1.049288e-05 1.599058e-05 2.762861e-06 
438 4381 1.531263e-04 0 0 1.411332e-05 2.465751e-05 2.180226e-05 1.823394e-05 4.554068e-05 3.546324e-05 9.660661e-06 1.492019e-05 2.562647e-06 
439 4391 1.601245e-04 0 0 1.474512e-05 2.551519e-05 2.292885e-05 1.907056e-05 4.742603e-05 3.650635e-05 1.033382e-05 1.590342e-05 2.645689e-06 
440 4401 1.664086e-04 0 0 1.525522e-05 2.663893e-05 2.359372e-05 1.963941e-05 4.859389e-05 3.854019e-05 1.074217e-05 1.644137e-05 2.697456e-06 
441 4411 1.606173e-04 0 0 1.510618e-05 2.582415e-05 2.267353e-05 1.893574e-05 4.671437e-05 3.724577e-05 1.041170e-05 1.580485e-05 2.635730e-06 
442 4421 1.608326e-04 0 0 1.539645e-05 2.622717e-05 2.233841e-05 1.913394e-05 4.596008e-05 3.703942e-05 1.063301e-05 1.554180e-05 2.634092e-06 
443 4431 1.697482e-04 0 0 1.631392e-05 2.756729e-05 2.315236e-05 2.044146e-05 4.892994e-05 3.876529e-05 1.126922e-05 1.607135e-05 2.820262e-06 
444 4441 1.578733e-04 0 0 1.493124e-05 2.580346e-05 2.193916e-05 1.878237e-05 4.581729e-05 3.658399e-05 1.040826e-05 1.470018e-05 2.604633e-06 
445 4451 1.554538e-04 0 0 1.468693e-05 2.586780e-05 2.132996e-05 1.830226e-05 4.441597e-05 3.581740e-05 1.061152e-05 1.483624e-05 2.564434e-06 
446 4461 1.532346e-04 0 0 1.439233e-05 2.501712e-05 2.070151e-05 1.804525e-05 4.354433e-05 3.535382e-05 1.037415e-05 1.467400e-05 2.501039e-06 
447 4471 1.511511e-04 0 0 1.451442e-05 2.452087e-05 2.069782e-05 1.763735e-05 4.329589e-05 3.505820e-05 1.023177e-05 1.436356e-05 2.452078e-06 
448 4481 1.442067e-04 0 0 1.379415e-05 2.324768e-05 1.979346e-05 1.662629e-05 4.186224e-05 3.286965e-05 9.630140e-06 1.366790e-05 2.312481e-06 
449 4491 1.325671e-04 0 0 1.260105e-05 2.118322e-05 1.814939e-05 1.509619e-05 3.775950e-05 2.994335e-05 8.758316e-06 1.265490e-05 2.097847e-06 
450 4501 1.209160e-04 0 0 1.158303e-05 1.909619e-05 1.637921e-05 1.358488e-05 3.406581e-05 2.708746e-05 7.985795e-06 1.134576e-05 1.875341e-06 
451 4511 1.117827e-04 0 0 1.055726e-05 1.745367e-05 1.544687e-05 1.246739e-05 3.083870e-05 2.461028e-05 7.242051e-06 1.045996e-05 1.700110e-06 
452 4521 1.054879e-04 0 0 9.802524e-06 1.641607e-05 1.488039e-05 1.167205e-05 2.881216e-05 2.291159e-05 6.704929e-06 9.739183e-06 1.575062e-06 
453 4531 9.956800e-05 0 0 9.106655e-06 1.544437e-05 1.408378e-05 1.097162e-05 2.686888e-05 2.123505e-05 6.206074e-06 9.140327e-06 1.459957e-06 
454 4541 9.243737e-05 0 0 8.288977e-06 1.410836e-05 1.289520e-05 1.008471e-05 2.447432e-05 1.930963e-05 5.830815e-06 8.346691e-06 1.328695e-06 
455 4551 9.510178e-05 0 0 8.705398e-06 1.433374e-05 1.320259e-05 1.040535e-05 2.555439e-05 1.970408e-05 5.947886e-06 8.917117e-06 1.340168e-06 
456 4561 9.564348e-05 0 0 8.752744e-06 1.418599e-05 1.307961e-05 1.039287e-05 2.558396e-05 1.970367e-05 6.081837e-06 9.158511e-06 1.325454e-06 
457 4571 9.188308e-05 0 0 8.292825e-06 1.335602e-05 1.250151e-05 9.923373e-06 2.429527e-05 1.863587e-05 5.862550e-06 8.690558e-06 1.251734e-06 
458 4581 8.949357e-05 0 0 7.988320e-06 1.284222e-05 1.205150e-05 9.578349e-06 2.345295e-05 1.787974e-05 5.623052e-06 8.679425e-06 1.195767e-06 
459 4591 9.135296e-05 0 0 8.027825e-06 1.307825e-05 1.236005e-05 9.806654e-06 2.492495e-05 1.806662e-05 5.733426e-06 8.902856e-06 1.198804e-06 
460 4601 9.066199e-05 0 0 8.021337e-06 1.285604e-05 1.228140e-05 9.639502e-06 2.450892e-05 1.781359e-05 5.707352e-06 9.067416e-06 1.170371e-06 
461 4611 9.887873e-05 0 0 8.621819e-06 1.382520e-05 1.363812e-05 1.059780e-05 2.639830e-05 1.919816e-05 6.165710e-06 1.067511e-05 1.252204e-06 
462 4621 1.053062e-04 0 0 9.054979e-06 1.462493e-05 1.526810e-05 1.110240e-05 2.770457e-05 2.017605e-05 6.505159e-06 1.171176e-05 1.318742e-06 
463 4631 1.114652e-04 0 0 9.425101e-06 1.540398e-05 1.598359e-05 1.177142e-05 2.922049e-05 2.105234e-05 6.748514e-06 1.336928e-05 1.373053e-06 
464 4641 1.057578e-04 0 0 8.804487e-06 1.461043e-05 1.520017e-05 1.106814e-05 2.758263e-05 2.025928e-05 6.342113e-06 1.265126e-05 1.285171e-06 
465 4651 1.080269e-04 0 0 8.843478e-06 1.473636e-05 1.537474e-05 1.150615e-05 2.853371e-05 2.044685e-05 6.471202e-06 1.270544e-05 1.293387e-06 
466 4661 1.085354e-04 0 0 8.927391e-06 1.468932e-05 1.518718e-05 1.154866e-05 2.856322e-05 2.018209e-05 6.506839e-06 1.260191e-05 1.280929e-06 
467 4671 9.987589e-05 0 0 8.310102e-06 1.339982e-05 1.377316e-05 1.054438e-05 2.591763e-05 1.871809e-05 5.878367e-06 1.148908e-05 1.155345e-06 
468 4681 9.643131e-05 0 0 8.032463e-06 1.291910e-05 1.327100e-05 1.012741e-05 2.462313e-05 1.780458e-05 5.636898e-06 1.122445e-05 1.095179e-06 
469 4691 8.934255e-05 0 0 7.386961e-06 1.180820e-05 1.214358e-05 9.295631e-06 2.243483e-05 1.660849e-05 5.159226e-06 1.026433e-05 9.987415e-07 
470 4701 8.000295e-05 0 0 6.488603e-06 1.068480e-05 1.071762e-05 8.265070e-06 1.972229e-05 1.468710e-05 4.608625e-06 9.100357e-06 8.872850e-07 
471 4711 7.840380e-05 0 0 6.273138e-06 1.049027e-05 1.046980e-05 8.164706e-06 1.904334e-05 1.421639e-05 4.561114e-06 8.946343e-06 8.534491e-07 
472 4721 7.561520e-05 0 0 6.066024e-06 1.002861e-05 9.969457e-06 7.764554e-06 1.819992e-05 1.344514e-05 4.364930e-06 8.642486e-06 8.105873e-07 
473 4731 8.036362e-05 0 0 6.500815e-06 1.064905e-05 1.074748e-05 8.308580e-06 1.938919e-05 1.457087e-05 4.776067e-06 9.159826e-06 8.533747e-07 
474 4741 8.860657e-05 0 0 7.214319e-06 1.216045e-05 1.172081e-05 9.205556e-06 2.104788e-05 1.588154e-05 5.350087e-06 1.040068e-05 9.293285e-07 
475 4751 1.008484e-04 0 0 8.094234e-06 1.385259e-05 1.325913e-05 1.054358e-05 2.372967e-05 1.786433e-05 6.030194e-06 1.228664e-05 1.036133e-06 
476 4761 9.999603e-05 0 0 8.015400e-06 1.364532e-05 1.310442e-05 1.033120e-05 2.305631e-05 1.759639e-05 5.942100e-06 1.227858e-05 1.008395e-06 
477 4771 9.866637e-05 0 0 7.794332e-06 1.351999e-05 1.333174e-05 1.027076e-05 2.258852e-05 1.761357e-05 5.901802e-06 1.238406e-05 9.772874e-07 
478 4781 9.068005e-05 0 0 7.104205e-06 1.227759e-05 1.241098e-05 9.364665e-06 2.052608e-05 1.610073e-05 5.396813e-06 1.139420e-05 8.804264e-07 
479 4791 8.732473e-05 0 0 6.769106e-06 1.164152e-05 1.175922e-05 9.185445e-06 1.986434e-05 1.529178e-05 5.127513e-06 1.098596e-05 8.327161e-07 
480 4801 8.298424e-05 0 0 6.312158e-06 1.089289e-05 1.130756e-05 8.596054e-06 1.857694e-05 1.442986e-05 4.798729e-06 1.027523e-05 7.755372e-07 
481 4811 8.308874e-05 0 0 6.395558e-06 1.080798e-05 1.181018e-05 8.645691e-06 1.871618e-05 1.417112e-05 4.819022e-06 1.031292e-05 7.655037e-07 
482 4821 7.783349e-05 0 0 5.948935e-06 1.000301e-05 1.121266e-05 8.005579e-06 1.728414e-05 1.310965e-05 4.493041e-06 9.513014e-06 7.030032e-07 
483 4831 7.684892e-05 0 0 5.787503e-06 9.687629e-06 1.103922e-05 8.001110e-06 1.798420e-05 1.287350e-05 4.433996e-06 9.441991e-06 6.804422e-07 
484 4841 7.883635e-05 0 0 5.820204e-06 9.745791e-06 1.117248e-05 8.115008e-06 1.989326e-05 1.348806e-05 4.481265e-06 9.512629e-06 6.849030e-07 
485 4851 8.136879e-05 0 0 5.900668e-06 9.909101e-06 1.149044e-05 8.292709e-06 2.075712e-05 1.392599e-05 4.750544e-06 9.674094e-06 6.937806e-07 
486 4861 8.085554e-05 0 0 6.033175e-06 9.695852e-06 1.142791e-05 8.343936e-06 2.063189e-05 1.380381e-05 4.718966e-06 9.479874e-06 6.785187e-07 
487 4871 7.673959e-05 0 0 5.779143e-06 9.045269e-06 1.073900e-05 7.835424e-06 1.933333e-05 1.308653e-05 4.486666e-06 8.831920e-06 6.339878e-07 
488 4881 7.422309e-05 0 0 5.723320e-06 8.828379e-06 1.021041e-05 7.453383e-06 1.876785e-05 1.267554e-05 4.347342e-06 8.383587e-06 6.027008e-07 
489 4891 7.732653e-05 0 0 5.968780e-06 9.117480e-06 1.052369e-05 7.621688e-06 1.938250e-05 1.307966e-05 4.496488e-06 8.684445e-06 6.155691e-07 
490 4901 7.746633e-05 0 0 6.018325e-06 8.996196e-06 1.041151e-05 7.501516e-06 1.910547e-05 1.298733e-05 4.491962e-06 8.694758e-06 6.090265e-07 
491 4911 7.992739e-05 0 0 6.139513e-06 9.389312e-06 1.058768e-05 7.598544e-06 1.943023e-05 1.315434e-05 4.918452e-06 8.884281e-06 6.178991e-07 
492 4921 8.259030e-05 0 0 6.372191e-06 9.812907e-06 1.080998e-05 7.713708e-06 2.003061e-05 1.342563e-05 5.343361e-06 9.195853e-06 6.307775e-07 
493 4931 8.403687e-05 0 0 6.497686e-06 9.989230e-06 1.105086e-05 8.072685e-06 2.019886e-05 1.369425e-05 5.527053e-06 9.300231e-06 6.336989e-07 
494 4941 8.267259e-05 0 0 6.292615e-06 9.715486e-06 1.121020e-05 7.923651e-06 1.956081e-05 1.332794e-05 5.396551e-06 9.124750e-06 6.116865e-07 
495 4951 8.393330e-05 0 0 6.382297e-06 9.768896e-06 1.141689e-05 8.522956e-06 1.968015e-05 1.333622e-05 5.432392e-06 9.244229e-06 6.099337e-07 
496 4961 7.942507e-05 0 0 5.975619e-06 9.085806e-06 1.073866e-05 8.227440e-06 1.829635e-05 1.245751e-05 5.049226e-06 8.617096e-06 5.693804e-07 
497 4971 7.654756e-05 0 0 5.804115e-06 8.651333e-06 1.048645e-05 7.966882e-06 1.769326e-05 1.244345e-05 4.872744e-06 8.235207e-06 5.432430e-07 
498 4981 7.294191e-05 0 0 5.463713e-06 8.259718e-06 1.017171e-05 7.440726e-06 1.732521e-05 1.186549e-05 4.576317e-06 7.750551e-06 5.089939e-07 
499 4991 7.113533e-05 0 0 5.251442e-06 7.956517e-06 9.982776e-06 7.145017e-06 1.693990e-05 1.145142e-05 4.626834e-06 7.459205e-06 4.873914e-07 
500 5001 7.109192e-05 0 0 5.196828e-06 8.038928e-06 9.995678e-06 7.111671e-06 1.677541e-05 1.163181e-05 4.608583e-06 7.325252e-06 4.796337e-07 
